
[1576360.25, 10365600.0, 4995665.0, 211626304.0, 0.0]
[1576360.375, 10365599.0, 4995664.0, 211626224.0, 2.854842195976204e-10]
[1576352.125, 10365158.0, 4994026.5, 211507600.0, 0.00025855141575448215]
[1569923.0, 9984219.0, 3906877.5, 142415328.0, 123.0971450805664]
[1557021.25, 9394998.0, 2841299.25, 90310080.0, 479.662841796875]
[1541307.0, 9004170.0, 2303930.25, 60924220.0, 666.5469970703125]
[1523330.125, 8731314.0, 1980321.875, 44147336.0, 875.9884643554688]
[1493914.25, 8469548.0, 1658023.25, 31891762.0, 1083.6517333984375]
[1457416.0, 8205777.5, 1470249.25, 24361220.0, 1231.58056640625]
[1435084.0, 8066734.5, 1323198.75, 18984690.0, 1304.3414306640625]
[1412184.5, 7862941.0, 1207463.625, 15555768.0, 1341.02880859375]
[1358601.625, 7429367.0, 1035753.875, 11086061.0, 1420.3568115234375]
[1309433.125, 7057560.5, 911036.375, 9166109.0, 1470.939697265625]
[1272039.625, 6826588.5, 850623.9375, 7801174.5, 1534.7720947265625]
[1251625.0, 6642039.5, 816571.125, 7096260.5, 1537.6724853515625]
[1192623.875, 6227962.0, 734341.3125, 6003882.0, 1591.5457763671875]
[1143424.5, 5867987.5, 682544.625, 5211605.5, 1613.0916748046875]
[1093840.625, 5610201.0, 650736.3125, 5016170.0, 1673.2967529296875]
[1083591.625, 5495273.0, 621702.625, 4379114.5, 1672.1910400390625]
[1060296.0, 5340404.5, 596016.25, 3929132.0, 1695.516845703125]
[975080.75, 4870039.0, 542730.625, 3691278.75, 1775.90771484375]
[956119.125, 4692266.0, 508916.8125, 3145906.25, 1788.0648193359375]
[925843.9375, 4524415.0, 492309.96875, 2869731.5, 1814.3997802734375]
[899691.9375, 4364739.5, 474865.34375, 2746007.5, 1824.718505859375]
[870427.125, 4207381.5, 458635.96875, 2602155.25, 1851.9677734375]
[796854.375, 3815620.0, 408962.21875, 2223945.25, 1921.8355712890625]
[734638.0625, 3488051.75, 383186.34375, 2227034.25, 1960.8111572265625]
[702701.25, 3314467.25, 360540.3125, 1968927.0, 1984.835693359375]
[658381.75, 3092919.0, 345007.71875, 1940752.25, 2018.198974609375]
[629038.4375, 2877999.25, 331121.875, 1874139.125, 2003.38671875]
[535284.375, 2509235.5, 326499.6875, 2895956.25, 2078.7958984375]
[587504.125, 2690932.25, 310764.03125, 1743324.5, 2037.3094482421875]
[576799.1875, 2620954.5, 311923.25, 1654909.125, 2032.0667724609375]
[545256.9375, 2463972.75, 304018.8125, 1606189.0, 2044.1424560546875]
[468634.53125, 2110563.5, 289134.75, 1770729.25, 2084.479736328125]
[469750.09375, 2069851.125, 276120.4375, 1451179.75, 2066.479248046875]
[447894.59375, 1952404.25, 267601.625, 1357086.375, 2075.211181640625]
[392546.40625, 1692621.125, 261446.953125, 1436482.875, 2096.9453125]
[382187.71875, 1619643.25, 249951.0625, 1261067.375, 2097.510986328125]
[327919.4375, 1379580.25, 239150.375, 1320186.0, 2116.697265625]
[320513.0, 1327860.5, 229924.171875, 1127797.5, 2120.11181640625]
[293961.375, 1211533.625, 220153.84375, 1118054.25, 2143.198974609375]
[275124.59375, 1115201.125, 202900.75, 1120506.375, 2153.665283203125]
[241405.328125, 992323.375, 209758.8125, 1336428.25, 2177.45166015625]
[264077.46875, 1064762.0, 203492.8125, 1016124.3125, 2157.197265625]
[257762.171875, 1039433.625, 199353.109375, 974885.25, 2165.513916015625]
[242477.3125, 978837.0625, 194914.015625, 958499.25, 2179.802001953125]
[223986.6875, 907085.0625, 189825.3125, 938379.75, 2199.50634765625]
[210595.5, 847152.9375, 182491.421875, 860191.375, 2208.369384765625]
[195225.90625, 784973.6875, 174313.703125, 841639.375, 2233.745361328125]
[186083.171875, 743907.8125, 169046.203125, 809575.1875, 2239.98046875]
[165462.078125, 670325.125, 166321.71875, 835060.5625, 2261.637451171875]
[156633.125, 622189.625, 157015.078125, 798727.25, 2264.554443359375]
[145052.921875, 583190.3125, 155825.859375, 753719.75, 2279.404296875]
[140822.3125, 557499.4375, 152762.140625, 706674.375, 2280.318603515625]
[128227.6953125, 515149.15625, 151612.1875, 711333.0625, 2295.214111328125]
[128697.0546875, 499269.09375, 144789.609375, 691081.25, 2284.402587890625]
[125922.75, 490209.96875, 146489.8125, 644269.0, 2287.163818359375]
[121258.984375, 474959.0, 146469.265625, 631509.25, 2294.021484375]
[115772.3515625, 453144.96875, 144758.296875, 613980.8125, 2300.851318359375]
[108595.875, 423992.5, 141806.703125, 589871.375, 2307.06494140625]
[100773.03125, 382634.5625, 135142.265625, 570529.8125, 2310.25830078125]
[86440.3515625, 335971.125, 138088.6875, 636097.875, 2321.810302734375]
[92605.8203125, 347894.15625, 132210.9375, 564120.4375, 2308.851806640625]
[91969.515625, 344772.5625, 131387.984375, 527060.875, 2312.480712890625]
[88432.09375, 332096.625, 130987.9609375, 521823.78125, 2315.450439453125]
[80711.171875, 304492.5625, 129322.6484375, 526350.125, 2322.99267578125]
[78790.453125, 295164.78125, 125904.375, 498258.34375, 2323.20556640625]
[74870.9296875, 278130.625, 121063.0859375, 477296.09375, 2328.002197265625]
[68882.5859375, 255421.953125, 117287.5546875, 468372.75, 2334.42138671875]
[64253.859375, 235291.484375, 110589.53125, 447947.59375, 2340.830078125]
[60741.01171875, 222728.21875, 108102.375, 441835.6875, 2343.539306640625]
[60232.19921875, 219109.484375, 106172.1328125, 427291.1875, 2341.479736328125]
[53950.27734375, 199497.25, 104038.375, 451342.53125, 2353.3837890625]
[56001.07421875, 203831.0625, 101675.796875, 410224.71875, 2348.7939453125]
[55256.75390625, 200899.359375, 101008.65625, 401653.3125, 2349.4921875]
[49517.41015625, 181657.28125, 96931.328125, 401095.28125, 2363.76220703125]
[50924.59765625, 183683.28125, 95795.53125, 378098.28125, 2357.346923828125]
[49693.08984375, 178827.671875, 93784.515625, 367699.25, 2360.323974609375]
[45570.4375, 164537.234375, 89728.7578125, 366356.03125, 2372.31103515625]
[45444.13671875, 162666.65625, 87393.0625, 356318.03125, 2373.049072265625]
[44396.03515625, 157976.3125, 85998.609375, 347103.90625, 2373.8330078125]
[42690.61328125, 151165.140625, 83883.03125, 344062.875, 2377.69970703125]
[42485.41796875, 149090.609375, 82192.546875, 337067.53125, 2377.15087890625]
[40228.09375, 141350.5, 79463.6328125, 332464.46875, 2386.2724609375]
[39012.9765625, 136372.546875, 76697.203125, 319789.90625, 2390.974365234375]
[37113.19140625, 129147.5546875, 74098.6640625, 316396.75, 2396.7509765625]
[37199.828125, 128455.75, 73195.90625, 303719.84375, 2394.900390625]
[36084.21484375, 124818.1640625, 72220.9140625, 300411.46875, 2398.93408203125]
[35642.703125, 122299.078125, 70837.21875, 292230.6875, 2399.34228515625]
[34460.078125, 117969.1171875, 69402.5078125, 287008.375, 2404.635986328125]
[33628.86328125, 114590.9375, 68053.1640625, 280677.90625, 2407.027587890625]
[33272.52734375, 112410.6328125, 66834.4140625, 274041.84375, 2408.141845703125]
[31128.01171875, 104826.6484375, 64595.296875, 277696.78125, 2416.89404296875]
[31717.61328125, 104847.6796875, 63180.59375, 261523.375, 2411.375]
[31297.482421875, 103009.5859375, 62335.73046875, 256486.546875, 2413.420654296875]
[30274.181640625, 99133.2421875, 60946.81640625, 253712.640625, 2416.640869140625]
[29679.16796875, 96680.6171875, 59845.6015625, 248007.359375, 2416.897705078125]
[28748.10546875, 93004.390625, 58301.31640625, 242348.265625, 2417.813720703125]
[27757.51953125, 88408.5703125, 56012.87890625, 242870.765625, 2419.95263671875]
[27640.015625, 87958.1328125, 55634.3203125, 234606.265625, 2419.245849609375]
[26540.939453125, 84807.8359375, 55013.4140625, 236609.296875, 2424.5029296875]
[26739.810546875, 85006.0, 54404.43359375, 227807.828125, 2423.08056640625]
[26434.84375, 83766.3515625, 53665.26171875, 224000.96875, 2424.484375]
[25520.396484375, 80731.5859375, 52365.296875, 220332.25, 2429.084228515625]
[24884.59375, 78538.984375, 51392.08984375, 216802.25, 2432.383544921875]
[24002.779296875, 75718.796875, 50295.00390625, 213468.59375, 2435.848876953125]
[23764.333984375, 74451.8125, 49434.79296875, 208414.046875, 2436.079833984375]
[22870.822265625, 71420.359375, 48394.94921875, 206498.359375, 2439.1806640625]
[22729.48828125, 70369.8671875, 47549.66796875, 200706.703125, 2437.5517578125]
[22236.84375, 68808.6171875, 46776.5234375, 197754.015625, 2439.906494140625]
[21822.958984375, 67320.0234375, 45874.0234375, 194756.65625, 2440.90087890625]
[21042.0859375, 65000.3828125, 44854.60546875, 193875.84375, 2444.9873046875]
[20954.044921875, 64469.19140625, 44105.0, 190032.71875, 2444.84814453125]
[20390.703125, 62796.35546875, 43489.72265625, 188211.046875, 2447.44189453125]
[20229.11328125, 62051.484375, 43029.03515625, 184884.859375, 2447.522705078125]
[19894.591796875, 60876.48046875, 42372.80859375, 182127.015625, 2449.96533203125]
[19593.5546875, 59612.27734375, 41484.7734375, 178793.296875, 2451.039306640625]
[19034.208984375, 57893.859375, 40590.31640625, 176011.921875, 2455.196044921875]
[18993.591796875, 57397.76953125, 39962.32421875, 172532.921875, 2455.52197265625]
[18458.19921875, 55934.546875, 39396.2109375, 171189.359375, 2458.988525390625]
[18471.56640625, 55787.421875, 39203.35546875, 167273.765625, 2457.1787109375]
[18314.041015625, 55182.46484375, 38861.0546875, 164716.375, 2458.188720703125]
[17943.03515625, 53834.6171875, 38101.8359375, 162251.0, 2460.609375]
[17612.943359375, 52579.89453125, 37263.75, 160463.3125, 2462.95947265625]
[17422.916015625, 51742.5078125, 36601.46484375, 157535.09375, 2463.90380859375]
[16970.568359375, 50288.359375, 35780.68359375, 155903.34375, 2467.415283203125]
[16953.8046875, 49644.12109375, 34920.70703125, 154706.140625, 2466.3671875]
[16668.400390625, 48836.72265625, 34671.42578125, 151780.234375, 2469.18359375]
[16401.439453125, 48014.3671875, 34386.73828125, 149405.828125, 2471.610107421875]
[16339.93359375, 47648.46875, 34163.76953125, 146663.84375, 2471.603759765625]
[16049.958984375, 46498.9765625, 33452.37109375, 144372.5, 2474.052001953125]
[15764.07421875, 45227.65234375, 32655.009765625, 142790.859375, 2475.61669921875]
[15756.1513671875, 44964.90625, 32301.1328125, 140912.609375, 2475.116943359375]
[15442.59375, 43848.8359375, 31691.03515625, 140621.3125, 2478.4462890625]
[15432.2744140625, 43618.64453125, 31411.251953125, 138312.078125, 2478.0693359375]
[15255.76171875, 42776.7734375, 30863.390625, 135972.328125, 2479.095703125]
[15002.35546875, 41711.30859375, 30164.138671875, 133478.359375, 2481.685546875]
[14757.0048828125, 40701.828125, 29558.462890625, 131518.875, 2483.136474609375]
[14650.5029296875, 40267.1953125, 29211.921875, 129525.7265625, 2484.231201171875]
[14379.2734375, 39434.7734375, 28789.013671875, 128681.078125, 2487.539306640625]
[14426.623046875, 39364.95703125, 28450.5859375, 129004.1484375, 2485.683349609375]
[14356.1396484375, 39166.6328125, 28452.28515625, 125734.3203125, 2486.614013671875]
[14255.9384765625, 38823.7734375, 28317.130859375, 124534.7265625, 2487.687744140625]
[14142.03515625, 38362.1328125, 28046.654296875, 122893.6015625, 2488.4921875]
[13988.1396484375, 37627.9453125, 27539.30859375, 121134.3671875, 2489.013671875]
[13826.1533203125, 37038.8125, 27134.654296875, 119584.484375, 2490.40185546875]
[13743.681640625, 36630.4453125, 26793.861328125, 118413.6640625, 2490.5771484375]
[13494.630859375, 35742.1328125, 26255.8984375, 117453.1953125, 2492.978271484375]
[13340.6025390625, 34960.51171875, 25695.724609375, 115522.609375, 2493.193359375]
[13215.486328125, 34391.6328125, 25352.806640625, 114303.0546875, 2494.145751953125]
[13086.7412109375, 33891.7890625, 25084.10546875, 113040.421875, 2495.4658203125]
[13073.697265625, 33613.2578125, 24769.234375, 112949.0234375, 2494.91552734375]
[12885.8701171875, 33086.6875, 24580.3359375, 110532.5078125, 2497.726318359375]
[12887.2265625, 33094.0546875, 24549.267578125, 109138.1015625, 2497.658447265625]
[12741.9287109375, 32607.26953125, 24233.568359375, 107759.734375, 2499.287353515625]
[12529.6826171875, 31716.98046875, 23647.357421875, 106714.515625, 2501.580322265625]
[12324.22265625, 31072.349609375, 23277.404296875, 105031.90625, 2503.29345703125]
[12284.2158203125, 30844.650390625, 23086.3046875, 104091.4609375, 2503.089599609375]
[12039.44921875, 30104.828125, 22750.537109375, 104608.703125, 2506.125]
[12076.3115234375, 30108.615234375, 22674.138671875, 102814.875, 2505.075439453125]
[12006.3779296875, 29813.76953125, 22446.18359375, 101537.0546875, 2505.6591796875]
[11763.5986328125, 29050.193359375, 21987.099609375, 100136.3046875, 2508.375]
[11539.10546875, 28345.490234375, 21541.884765625, 99998.4765625, 2511.732666015625]
[11578.0126953125, 28436.998046875, 21551.630859375, 98501.3984375, 2510.91552734375]
[11486.8037109375, 28149.849609375, 21387.1796875, 97434.125, 2511.728271484375]
[11461.0185546875, 27960.80078125, 21199.376953125, 96520.7421875, 2511.85009765625]
[11304.177734375, 27413.6953125, 20871.21484375, 95666.546875, 2514.1748046875]
[11261.80859375, 27180.01953125, 20681.203125, 94736.0859375, 2514.452392578125]
[11215.916015625, 26969.650390625, 20512.322265625, 93842.109375, 2515.118896484375]
[11076.169921875, 26471.3359375, 20195.044921875, 92806.2109375, 2516.66796875]
[10962.8505859375, 26069.8359375, 19894.123046875, 91756.625, 2518.114501953125]
[10887.7412109375, 25820.166015625, 19720.189453125, 90849.0078125, 2519.025146484375]
[10789.8046875, 25516.650390625, 19509.85546875, 89934.828125, 2520.05712890625]
[10669.904296875, 25155.849609375, 19275.19921875, 89129.78125, 2521.824951171875]
[10569.4482421875, 24732.1796875, 18874.81640625, 88505.0703125, 2522.373046875]
[10269.4189453125, 24040.900390625, 18633.42578125, 90838.2890625, 2527.846923828125]
[10478.6259765625, 24488.419921875, 18770.98046875, 86781.65625, 2523.89794921875]
[10452.4365234375, 24390.443359375, 18696.48828125, 86288.8515625, 2524.0732421875]
[10265.32421875, 23789.802734375, 18299.080078125, 85395.609375, 2526.168212890625]
[10154.5517578125, 23451.12109375, 18045.025390625, 84951.875, 2526.726806640625]
[10083.7978515625, 23241.17578125, 17885.330078125, 83907.484375, 2527.77685546875]
[9965.482421875, 22920.21875, 17654.998046875, 83346.265625, 2529.5927734375]
[9908.794921875, 22768.830078125, 17545.548828125, 82969.8203125, 2530.339111328125]
[9698.099609375, 22239.390625, 17204.23046875, 82029.2421875, 2533.452392578125]
[9670.228515625, 22029.5, 16957.794921875, 82054.953125, 2532.553466796875]
[9565.0546875, 21821.810546875, 16887.458984375, 80515.765625, 2534.456787109375]
[9585.6923828125, 21839.8671875, 16895.681640625, 79866.421875, 2534.01123046875]
[9550.2236328125, 21705.005859375, 16804.306640625, 79162.4140625, 2534.214599609375]
[9446.8095703125, 21333.220703125, 16545.591796875, 78673.5703125, 2534.641845703125]
[9390.955078125, 21174.787109375, 16418.376953125, 77706.8671875, 2535.41748046875]
[9297.869140625, 20934.783203125, 16255.060546875, 77224.0625, 2536.6298828125]
[9248.08984375, 20757.1484375, 16107.97265625, 76650.609375, 2536.9033203125]
[9038.662109375, 20271.833984375, 15826.982421875, 76836.9375, 2540.063232421875]
[9086.6796875, 20275.0625, 15779.615234375, 75507.03125, 2538.636474609375]
[9056.7158203125, 20159.67578125, 15694.3701171875, 74974.1875, 2538.881103515625]
[8953.6923828125, 19837.36328125, 15489.0673828125, 74042.265625, 2540.119140625]
[8799.642578125, 19455.40234375, 15245.7294921875, 74264.109375, 2542.61083984375]
[8810.189453125, 19445.5078125, 15233.1318359375, 73059.078125, 2542.242919921875]
[8775.671875, 19334.8359375, 15161.306640625, 72576.953125, 2542.588623046875]
[8719.0341796875, 19165.0625, 15044.208984375, 72174.7421875, 2543.37255859375]
[8547.5927734375, 18751.638671875, 14803.4228515625, 71814.6875, 2545.830810546875]
[8503.4541015625, 18513.453125, 14557.47265625, 71132.8515625, 2546.549560546875]
[8429.5927734375, 18376.603515625, 14482.3876953125, 70540.90625, 2548.185791015625]
[8434.5078125, 18374.431640625, 14471.978515625, 69972.9765625, 2547.687255859375]
[8392.12890625, 18248.33203125, 14376.787109375, 69636.0, 2548.24951171875]
[8336.54296875, 18071.89453125, 14225.2880859375, 69106.6796875, 2548.666015625]
[8219.4072265625, 17770.626953125, 14014.716796875, 68721.5703125, 2550.511962890625]
[8173.818359375, 17616.740234375, 13878.658203125, 68047.2421875, 2551.045654296875]
[8067.73291015625, 17377.361328125, 13725.25, 67697.796875, 2552.572998046875]
[8030.3486328125, 17234.111328125, 13596.6669921875, 67034.734375, 2552.9736328125]
[7899.16845703125, 16943.3359375, 13427.669921875, 66794.7421875, 2555.150634765625]
[7912.9765625, 16949.263671875, 13401.0986328125, 65939.2578125, 2554.34765625]
[7862.80078125, 16835.955078125, 13321.8955078125, 65606.78125, 2554.996826171875]
[7821.197265625, 16736.251953125, 13251.6552734375, 65279.9453125, 2555.466796875]
[7683.119140625, 16453.28125, 13060.44921875, 64863.5390625, 2557.607421875]
[7633.240234375, 16259.5712890625, 12904.5400390625, 64296.28125, 2557.5712890625]
[7603.595703125, 16198.2021484375, 12853.6865234375, 63680.6875, 2558.12890625]
[7531.9140625, 16035.7744140625, 12739.8642578125, 63372.60546875, 2559.28076171875]
[7499.90771484375, 15923.0771484375, 12635.947265625, 62798.2734375, 2559.51806640625]
[7376.54931640625, 15637.828125, 12438.1640625, 62394.09765625, 2561.287841796875]
[7330.39453125, 15478.7587890625, 12309.1181640625, 61867.890625, 2561.40625]
[7241.0537109375, 15286.3251953125, 12195.8212890625, 61639.5, 2562.839599609375]
[7230.99951171875, 15239.0556640625, 12158.5595703125, 61144.0390625, 2562.92431640625]
[7147.9609375, 15038.580078125, 12030.068359375, 60703.7109375, 2564.065673828125]
[7101.041015625, 14895.736328125, 11912.6533203125, 60193.9296875, 2564.503662109375]
[6991.841796875, 14656.5537109375, 11751.5830078125, 59975.34375, 2566.194580078125]
[6952.8994140625, 14534.51171875, 11630.4833984375, 59506.92578125, 2566.375]
[6863.15869140625, 14359.017578125, 11499.1796875, 59228.0703125, 2568.012451171875]
[6843.955078125, 14307.7890625, 11450.9033203125, 58711.54296875, 2568.202392578125]
[6744.3046875, 14109.083984375, 11325.166015625, 58386.55078125, 2569.861328125]
[6737.921875, 14067.87890625, 11288.8818359375, 57846.2421875, 2569.6328125]
[6680.529296875, 13948.3564453125, 11218.23828125, 57558.421875, 2570.357177734375]
[6615.9970703125, 13792.2880859375, 11111.640625, 57113.80859375, 2571.06640625]
[6551.75048828125, 13648.423828125, 11009.099609375, 56715.39453125, 2571.396240234375]
[6498.69189453125, 13525.048828125, 10907.0185546875, 56282.859375, 2572.1474609375]
[6437.8056640625, 13389.203125, 10796.5849609375, 55853.93359375, 2573.13330078125]
[6342.966796875, 13195.3662109375, 10646.4501953125, 55547.97265625, 2574.881103515625]
[6341.13037109375, 13136.9931640625, 10578.23828125, 55138.984375, 2574.70361328125]
[6196.53857421875, 12895.052734375, 10441.650390625, 55369.265625, 2577.559326171875]
[6252.9560546875, 12967.9853515625, 10472.068359375, 54559.65234375, 2576.200439453125]
[6237.73974609375, 12923.6376953125, 10436.513671875, 54299.35546875, 2576.188232421875]
[6173.98388671875, 12778.7666015625, 10329.6337890625, 53943.7578125, 2576.71484375]
[6067.67041015625, 12554.109375, 10170.251953125, 53812.015625, 2578.445556640625]
[6028.220703125, 12463.224609375, 10104.9794921875, 53390.5859375, 2578.774658203125]
[5992.97998046875, 12365.8427734375, 10031.7685546875, 53034.94140625, 2579.16357421875]
[5929.8505859375, 12233.8154296875, 9948.572265625, 52893.47265625, 2580.200927734375]
[5895.328125, 12094.490234375, 9840.244140625, 52488.13671875, 2580.424072265625]
[5810.1015625, 11916.9892578125, 9732.44140625, 52203.3984375, 2581.7265625]
[5793.32080078125, 11860.423828125, 9686.5439453125, 51684.1171875, 2581.6064453125]
[5730.96435546875, 11716.951171875, 9593.0908203125, 51277.12109375, 2582.405517578125]
[5717.86279296875, 11662.6630859375, 9539.0341796875, 50905.6796875, 2582.0869140625]
[5655.5400390625, 11539.9453125, 9466.556640625, 50741.9140625, 2583.051025390625]
[5590.025390625, 11396.49609375, 9374.146484375, 50505.71484375, 2584.02783203125]
[5555.64892578125, 11311.513671875, 9319.1171875, 50301.1328125, 2584.3095703125]
[5532.2607421875, 11240.462890625, 9266.59375, 50023.97265625, 2584.3095703125]
[5452.6826171875, 11067.51953125, 9163.1455078125, 49857.765625, 2585.3291015625]
[5418.17138671875, 10950.939453125, 9071.384765625, 49415.0234375, 2585.319091796875]
[5319.7529296875, 10760.5634765625, 8959.7109375, 49198.5546875, 2586.931884765625]
[5310.0146484375, 10719.08203125, 8916.72265625, 48770.3203125, 2587.0009765625]
[5272.55712890625, 10640.701171875, 8862.4306640625, 48502.3515625, 2587.4404296875]
[5233.689453125, 10546.6552734375, 8786.3212890625, 48124.2265625, 2587.874267578125]
[5151.2236328125, 10375.189453125, 8682.716796875, 47960.73046875, 2588.760009765625]
[5151.17626953125, 10346.83984375, 8646.201171875, 47605.77734375, 2588.26416015625]
[5100.04541015625, 10245.9990234375, 8589.4169921875, 47455.20703125, 2589.171630859375]
[5081.61865234375, 10191.3642578125, 8554.81640625, 47226.484375, 2589.383056640625]
[4992.43212890625, 10005.4912109375, 8443.0595703125, 46893.9296875, 2590.888671875]
[4950.6103515625, 9864.8603515625, 8338.3935546875, 46680.65625, 2591.3935546875]
[4916.76611328125, 9798.513671875, 8293.95703125, 46358.61328125, 2591.98193359375]
[4891.81640625, 9751.466796875, 8256.1396484375, 46127.890625, 2592.345458984375]
[4836.07080078125, 9642.4033203125, 8190.8408203125, 46033.47265625, 2593.2041015625]
[4800.4619140625, 9532.9052734375, 8095.951171875, 45795.5625, 2593.43408203125]
[4742.24462890625, 9421.29296875, 8038.482421875, 45559.90625, 2594.298583984375]
[4726.8876953125, 9375.080078125, 8008.7392578125, 45281.34765625, 2594.338134765625]
[4688.41455078125, 9291.900390625, 7957.939453125, 45037.515625, 2594.98486328125]
[4648.81640625, 9182.123046875, 7882.40283203125, 44696.12109375, 2595.351806640625]
[4566.2509765625, 9027.8974609375, 7795.34912109375, 44619.22265625, 2596.997802734375]
[4562.77587890625, 9002.412109375, 7771.86279296875, 44272.80859375, 2596.854248046875]
[4510.974609375, 8882.5380859375, 7707.0771484375, 44082.84765625, 2597.439697265625]
[4501.66064453125, 8845.3037109375, 7676.6005859375, 43844.89453125, 2597.366943359375]
[4447.9794921875, 8728.2255859375, 7612.07763671875, 43632.546875, 2597.927001953125]
[4380.013671875, 8584.0361328125, 7525.41943359375, 43364.77734375, 2599.12646484375]
[4350.4228515625, 8519.484375, 7480.22802734375, 43087.66796875, 2599.235595703125]
[4305.712890625, 8445.5234375, 7434.95751953125, 42971.78515625, 2600.087890625]
[4282.947265625, 8390.0322265625, 7374.59326171875, 42666.01171875, 2600.4775390625]
[4212.78759765625, 8268.4482421875, 7304.65185546875, 42457.16015625, 2601.664794921875]
[4196.27294921875, 8225.2119140625, 7272.21630859375, 42178.0703125, 2601.68994140625]
[4150.56494140625, 8128.18359375, 7215.0888671875, 41985.4765625, 2602.31298828125]
[4122.349609375, 8059.80419921875, 7167.50830078125, 41742.9296875, 2602.425048828125]
[4064.872314453125, 7959.181640625, 7112.9873046875, 41618.04296875, 2603.3388671875]
[4040.056640625, 7903.01708984375, 7073.8095703125, 41365.72265625, 2603.568115234375]
[3993.713134765625, 7834.7763671875, 7036.39599609375, 41223.703125, 2604.441650390625]
[3988.517333984375, 7812.896484375, 7015.54638671875, 40952.65625, 2604.41015625]
[3936.671142578125, 7712.97509765625, 6955.443359375, 40722.21484375, 2605.158203125]
[3895.86474609375, 7612.3798828125, 6890.3408203125, 40488.6875, 2605.514404296875]
[3864.044921875, 7537.94482421875, 6842.41943359375, 40291.15234375, 2605.814208984375]
[3812.17333984375, 7433.82177734375, 6784.1904296875, 40180.08984375, 2606.560791015625]
[3791.758544921875, 7369.68603515625, 6738.51513671875, 39957.359375, 2606.5439453125]
[3731.450439453125, 7266.3671875, 6683.26171875, 39844.16015625, 2607.62841796875]
[3711.280517578125, 7205.8134765625, 6638.60693359375, 39587.42578125, 2607.907958984375]
[3672.512451171875, 7138.81787109375, 6601.85693359375, 39419.37890625, 2608.49853515625]
[3662.194091796875, 7111.10546875, 6579.39404296875, 39192.27734375, 2608.5224609375]
[3621.166015625, 7026.478515625, 6527.03564453125, 38972.16796875, 2609.0126953125]
[3589.68798828125, 6957.2802734375, 6477.015625, 38760.24609375, 2609.1416015625]
[3550.798583984375, 6880.822265625, 6429.72119140625, 38602.2734375, 2609.57177734375]
[3514.023681640625, 6801.728515625, 6378.71630859375, 38392.796875, 2609.9150390625]
[3439.466552734375, 6680.21923828125, 6308.27734375, 38296.140625, 2610.880126953125]
[3433.46875, 6635.2490234375, 6264.99951171875, 38041.89453125, 2610.61328125]
[3371.537841796875, 6537.7666015625, 6220.462890625, 37962.46484375, 2611.8828125]
[3378.9267578125, 6545.7001953125, 6218.57373046875, 37701.26171875, 2611.624755859375]
[3360.46630859375, 6510.9580078125, 6193.00830078125, 37557.48046875, 2611.814208984375]
[3331.296875, 6453.4296875, 6153.98583984375, 37386.25, 2612.099609375]
[3260.18701171875, 6331.9697265625, 6074.68994140625, 37250.88671875, 2613.311767578125]
[3238.781494140625, 6278.41455078125, 6041.0302734375, 37023.5078125, 2613.357421875]
[3216.307861328125, 6231.861328125, 6015.55615234375, 36915.71875, 2613.623046875]
[3195.444091796875, 6176.765625, 5979.0830078125, 36695.453125, 2613.83935546875]
[3100.185546875, 6019.5, 5906.71142578125, 36840.26171875, 2615.294189453125]
[3138.2431640625, 6051.91552734375, 5905.2353515625, 36359.90625, 2614.4228515625]
[3123.764892578125, 6031.21240234375, 5889.26611328125, 36213.76953125, 2614.80908203125]
[3096.380615234375, 5986.65625, 5863.07373046875, 36116.9453125, 2615.197998046875]
[3063.9609375, 5927.66845703125, 5826.52197265625, 35967.28125, 2615.632568359375]
[3016.459228515625, 5844.63671875, 5773.3203125, 35764.69140625, 2616.28271484375]
[2998.184814453125, 5800.458984375, 5741.177734375, 35632.890625, 2616.423583984375]
[2975.455078125, 5755.04736328125, 5709.77099609375, 35515.08984375, 2616.814697265625]
[2929.165283203125, 5669.86474609375, 5655.3583984375, 35335.65625, 2617.44873046875]
[2893.228515625, 5597.44091796875, 5600.455078125, 35132.30078125, 2618.268310546875]
[2860.522705078125, 5545.91552734375, 5572.9267578125, 35039.9765625, 2618.895263671875]
[2859.232421875, 5522.0068359375, 5545.35107421875, 34896.68359375, 2618.65673828125]
[2824.529052734375, 5471.95361328125, 5523.30517578125, 34754.06640625, 2619.484375]
[2820.044677734375, 5462.75048828125, 5517.20849609375, 34591.5078125, 2619.614990234375]
[2794.93408203125, 5414.60205078125, 5485.36962890625, 34406.828125, 2620.040771484375]
[2741.403076171875, 5322.60595703125, 5423.39306640625, 34255.1328125, 2621.02734375]
[2713.571044921875, 5267.4921875, 5383.68603515625, 34047.1953125, 2621.4775390625]
[2690.58935546875, 5224.74560546875, 5352.47314453125, 33943.09375, 2621.864013671875]
[2662.160400390625, 5176.9921875, 5320.7646484375, 33863.171875, 2622.45654296875]
[2623.76708984375, 5099.71923828125, 5262.3271484375, 33668.12890625, 2622.9931640625]
[2534.1962890625, 4978.41552734375, 5203.6083984375, 33891.45703125, 2625.127197265625]
[2581.49169921875, 5026.22119140625, 5215.2978515625, 33431.41015625, 2623.858154296875]
[2580.357421875, 5024.1748046875, 5214.54443359375, 33304.984375, 2623.75341796875]
[2563.022705078125, 4994.341796875, 5197.13232421875, 33196.4765625, 2623.93603515625]
[2534.984619140625, 4946.76416015625, 5168.134765625, 33043.16796875, 2624.265625]
[2482.762451171875, 4854.8076171875, 5106.70654296875, 32952.77734375, 2625.228271484375]
[2474.821044921875, 4836.18017578125, 5092.81201171875, 32740.791015625, 2625.136962890625]
[2461.653564453125, 4809.0087890625, 5073.15234375, 32654.8203125, 2625.364990234375]
[2430.429443359375, 4753.4423828125, 5037.6923828125, 32570.12890625, 2625.9775390625]
[2384.15771484375, 4663.87451171875, 4976.9228515625, 32406.998046875, 2626.854248046875]
[2345.781982421875, 4601.0009765625, 4937.83203125, 32276.39453125, 2627.5380859375]
[2354.806884765625, 4601.86572265625, 4927.287109375, 32163.345703125, 2626.9775390625]
[2322.93359375, 4559.119140625, 4907.27001953125, 32130.86328125, 2627.671630859375]
[2326.194091796875, 4563.32666015625, 4908.45849609375, 32021.439453125, 2627.6220703125]
[2318.462158203125, 4548.994140625, 4897.0859375, 31781.294921875, 2627.827880859375]
[2300.394287109375, 4518.361328125, 4877.34814453125, 31634.5859375, 2628.28515625]
[2244.138916015625, 4426.26318359375, 4822.14111328125, 31502.62109375, 2629.203857421875]
[2220.1318359375, 4377.0166015625, 4787.74755859375, 31298.654296875, 2629.830322265625]
[2206.30322265625, 4349.68701171875, 4766.67236328125, 31162.583984375, 2629.984619140625]
[2171.103759765625, 4289.31787109375, 4727.59130859375, 31054.1328125, 2630.46240234375]
[2157.729736328125, 4255.4912109375, 4695.1640625, 30977.552734375, 2630.466552734375]
[2131.531005859375, 4219.359375, 4677.41748046875, 30852.908203125, 2631.12939453125]
[2120.3994140625, 4199.169921875, 4660.6416015625, 30717.177734375, 2631.302001953125]
[2088.26171875, 4156.220703125, 4639.34375, 30692.078125, 2632.195068359375]
[2093.94189453125, 4158.9013671875, 4636.85595703125, 30589.201171875, 2632.019287109375]
[2085.555419921875, 4138.9111328125, 4619.90087890625, 30480.4921875, 2632.1220703125]
[2065.43603515625, 4101.9287109375, 4593.013671875, 30342.40625, 2632.4765625]
[2017.01611328125, 4019.3076171875, 4536.8154296875, 30135.97265625, 2633.453125]
[1979.9259033203125, 3964.2734375, 4499.3857421875, 30053.5078125, 2633.956298828125]
[1987.76025390625, 3967.864013671875, 4496.51123046875, 29884.92578125, 2633.6953125]
[1966.2030029296875, 3935.744873046875, 4479.04296875, 29816.66015625, 2634.23046875]
[1958.2796630859375, 3921.13525390625, 4467.16943359375, 29713.765625, 2634.338134765625]
[1921.0599365234375, 3865.6611328125, 4430.720703125, 29619.83203125, 2635.097412109375]
[1887.656982421875, 3813.054443359375, 4392.44384765625, 29523.3515625, 2635.781494140625]
[1874.746337890625, 3789.387939453125, 4371.07080078125, 29415.82421875, 2635.957763671875]
[1839.7073974609375, 3740.579833984375, 4339.17041015625, 29397.228515625, 2636.712890625]
[1839.5731201171875, 3729.10595703125, 4324.9423828125, 29275.5390625, 2636.47021484375]
[1819.7305908203125, 3701.978515625, 4305.375, 29160.88671875, 2636.8642578125]
[1793.516845703125, 3663.114501953125, 4279.537109375, 29031.361328125, 2637.230224609375]
[1785.000244140625, 3651.189697265625, 4270.00439453125, 28916.53125, 2637.38818359375]
[1775.2392578125, 3636.3564453125, 4259.96923828125, 28800.3203125, 2637.504150390625]
[1756.8819580078125, 3610.877197265625, 4241.20654296875, 28694.984375, 2637.885009765625]
[1750.81640625, 3597.532470703125, 4230.23486328125, 28571.91015625, 2637.825927734375]
[1727.4283447265625, 3566.67236328125, 4208.6962890625, 28508.236328125, 2638.262451171875]
[1719.56689453125, 3540.67919921875, 4186.125, 28397.74609375, 2638.107421875]
[1690.93994140625, 3506.2470703125, 4164.19677734375, 28331.619140625, 2638.717529296875]
[1684.1072998046875, 3491.07275390625, 4152.52099609375, 28221.390625, 2638.719970703125]
[1664.406494140625, 3456.751220703125, 4128.6923828125, 28084.572265625, 2639.080078125]
[1640.28759765625, 3416.252197265625, 4099.23681640625, 27998.416015625, 2639.51171875]
[1639.8438720703125, 3409.715087890625, 4093.105224609375, 27878.068359375, 2639.49560546875]
[1613.206298828125, 3375.2890625, 4074.03955078125, 27855.25, 2640.218017578125]
[1616.7454833984375, 3374.809814453125, 4070.634765625, 27747.037109375, 2640.1767578125]
[1607.396240234375, 3357.39892578125, 4057.692626953125, 27632.37890625, 2640.380615234375]
[1578.4708251953125, 3315.229248046875, 4028.869140625, 27530.74609375, 2641.19677734375]
[1557.81005859375, 3279.505615234375, 4003.9501953125, 27464.1640625, 2641.534423828125]
[1547.6151123046875, 3264.349853515625, 3991.31787109375, 27382.64453125, 2641.78466796875]
[1525.013671875, 3228.948974609375, 3962.577392578125, 27245.013671875, 2642.33154296875]
[1506.2918701171875, 3203.966552734375, 3940.23583984375, 27167.0078125, 2642.66943359375]
[1493.1695556640625, 3183.232177734375, 3924.58203125, 27070.462890625, 2642.9912109375]
[1477.9000244140625, 3157.7216796875, 3905.2529296875, 26961.875, 2643.326171875]
[1453.297607421875, 3127.642333984375, 3886.912353515625, 26909.904296875, 2643.977294921875]
[1458.7529296875, 3121.529296875, 3874.6796875, 26862.423828125, 2643.5830078125]
[1434.6280517578125, 3096.04443359375, 3860.17138671875, 26753.857421875, 2644.250732421875]
[1432.7718505859375, 3096.10498046875, 3859.998291015625, 26657.439453125, 2644.312255859375]
[1425.1915283203125, 3084.714111328125, 3849.0791015625, 26562.296875, 2644.513427734375]
[1410.278564453125, 3062.67041015625, 3829.0244140625, 26484.0234375, 2644.685791015625]
[1393.083984375, 3036.321533203125, 3808.1484375, 26421.91796875, 2645.1962890625]
[1382.985107421875, 3015.748046875, 3791.394775390625, 26355.69921875, 2645.435302734375]
[1358.784912109375, 2982.560791015625, 3769.505859375, 26301.111328125, 2646.04052734375]
[1348.58251953125, 2956.3251953125, 3748.120849609375, 26181.845703125, 2646.060302734375]
[1326.2130126953125, 2927.236572265625, 3729.742919921875, 26110.392578125, 2646.570068359375]
[1320.5438232421875, 2914.8427734375, 3718.430908203125, 25985.197265625, 2646.501953125]
[1313.47119140625, 2902.840576171875, 3707.191162109375, 25897.140625, 2646.662353515625]
[1295.09814453125, 2877.366943359375, 3686.192138671875, 25795.009765625, 2647.079345703125]
[1287.7076416015625, 2859.135009765625, 3667.58251953125, 25701.037109375, 2647.2890625]
[1265.5535888671875, 2829.602294921875, 3646.982177734375, 25647.990234375, 2647.94482421875]
[1258.4412841796875, 2813.306884765625, 3631.882568359375, 25552.865234375, 2648.02490234375]
[1243.600341796875, 2791.547607421875, 3617.350830078125, 25497.681640625, 2648.40673828125]
[1233.954833984375, 2772.57373046875, 3601.6640625, 25396.99609375, 2648.621826171875]
[1214.9222412109375, 2744.6259765625, 3580.72412109375, 25338.611328125, 2648.986083984375]
[1213.16357421875, 2738.28564453125, 3571.577392578125, 25230.87890625, 2649.010986328125]
[1199.1431884765625, 2718.613525390625, 3555.879150390625, 25160.419921875, 2649.4833984375]
[1195.0745849609375, 2709.69580078125, 3544.868896484375, 25073.09375, 2649.519775390625]
[1174.9466552734375, 2683.236572265625, 3525.19140625, 25001.951171875, 2650.130615234375]
[1164.2020263671875, 2663.140380859375, 3508.366943359375, 24917.94921875, 2650.373046875]
[1154.11474609375, 2650.072021484375, 3498.28857421875, 24846.71875, 2650.6630859375]
[1150.7537841796875, 2642.592041015625, 3490.98193359375, 24766.60546875, 2650.700927734375]
[1136.2855224609375, 2622.20751953125, 3474.8994140625, 24701.96875, 2651.13134765625]
[1128.7801513671875, 2605.98486328125, 3457.55859375, 24596.408203125, 2651.257568359375]
[1113.2696533203125, 2583.93359375, 3439.764892578125, 24536.49609375, 2651.685791015625]
[1106.602783203125, 2572.457763671875, 3427.969970703125, 24458.443359375, 2651.85986328125]
[1092.98193359375, 2554.916748046875, 3415.150146484375, 24400.0625, 2652.2685546875]
[1088.1937255859375, 2544.621826171875, 3404.7490234375, 24315.7734375, 2652.345703125]
[1074.8079833984375, 2527.666259765625, 3392.0986328125, 24259.62890625, 2652.8671875]
[1069.706298828125, 2517.425048828125, 3382.60546875, 24181.0078125, 2653.0322265625]
[1058.1614990234375, 2500.985107421875, 3369.144287109375, 24113.427734375, 2653.484619140625]
[1052.4288330078125, 2490.51416015625, 3358.37060546875, 24025.71484375, 2653.80224609375]
[1037.435302734375, 2471.15283203125, 3342.34912109375, 23978.98828125, 2654.318115234375]
[1036.7174072265625, 2464.673828125, 3334.30712890625, 23904.349609375, 2654.25048828125]
[1026.11767578125, 2450.39697265625, 3322.455322265625, 23849.0078125, 2654.62451171875]
[1017.3896484375, 2434.869140625, 3309.16455078125, 23775.623046875, 2654.77099609375]
[1001.9073486328125, 2411.8134765625, 3291.32373046875, 23695.931640625, 2655.246826171875]
[992.0335083007812, 2391.659912109375, 3273.066650390625, 23600.587890625, 2655.481201171875]
[978.7237548828125, 2373.340087890625, 3260.841552734375, 23555.712890625, 2655.920166015625]
[978.853271484375, 2368.9375, 3254.856201171875, 23478.53515625, 2655.8740234375]
[966.5547485351562, 2352.65234375, 3242.145263671875, 23426.19140625, 2656.36328125]
[964.5753784179688, 2347.735595703125, 3235.992919921875, 23350.61328125, 2656.331787109375]
[955.7178955078125, 2332.921875, 3222.8212890625, 23283.630859375, 2656.513427734375]
[942.2454833984375, 2313.408935546875, 3205.14697265625, 23199.64453125, 2656.796875]
[927.8381958007812, 2291.16015625, 3185.48681640625, 23137.05078125, 2657.34228515625]
[924.8063354492188, 2283.849365234375, 3178.09521484375, 23086.310546875, 2657.402099609375]
[908.8414916992188, 2264.486572265625, 3163.30224609375, 23052.970703125, 2658.020751953125]
[906.870361328125, 2255.13330078125, 3152.36865234375, 22964.267578125, 2657.946044921875]
[897.2182006835938, 2240.399169921875, 3140.072509765625, 22891.7265625, 2658.154541015625]
[884.2807006835938, 2221.11474609375, 3122.544921875, 22819.33203125, 2658.407470703125]
[878.5139770507812, 2209.861328125, 3112.455322265625, 22757.72265625, 2658.496826171875]
[869.8190307617188, 2195.371337890625, 3099.576904296875, 22684.759765625, 2658.759033203125]
[854.4400024414062, 2171.97265625, 3079.561279296875, 22588.408203125, 2659.33837890625]
[848.8786010742188, 2156.6455078125, 3063.75732421875, 22515.2109375, 2659.5556640625]
[835.9141845703125, 2143.176025390625, 3054.688720703125, 22492.55078125, 2660.178466796875]
[841.8739624023438, 2147.62841796875, 3056.037353515625, 22412.25390625, 2659.97509765625]
[837.6340942382812, 2141.6943359375, 3049.8076171875, 22374.630859375, 2660.10986328125]
[830.351318359375, 2130.3310546875, 3038.656982421875, 22338.84765625, 2660.3095703125]
[823.53076171875, 2118.58203125, 3026.84521484375, 22297.916015625, 2660.48388671875]
[809.8480834960938, 2095.996337890625, 3004.088623046875, 22197.2421875, 2660.907958984375]
[796.4935302734375, 2073.504638671875, 2981.188720703125, 22170.0546875, 2661.239013671875]
[798.7501831054688, 2074.7158203125, 2981.310302734375, 22068.791015625, 2661.2265625]
[792.9776611328125, 2068.976806640625, 2977.277587890625, 22041.08984375, 2661.568359375]
[792.6747436523438, 2067.248291015625, 2975.110107421875, 21984.771484375, 2661.581787109375]
[783.4461059570312, 2055.3134765625, 2964.21728515625, 21920.166015625, 2661.98486328125]
[769.541015625, 2033.518798828125, 2944.27490234375, 21876.0078125, 2662.382568359375]
[766.23583984375, 2027.8477783203125, 2937.772216796875, 21806.62890625, 2662.493408203125]
[762.8790283203125, 2020.5740966796875, 2930.66064453125, 21768.185546875, 2662.56494140625]
[755.5224609375, 2006.092529296875, 2916.91357421875, 21709.681640625, 2662.746337890625]
[743.4258422851562, 1984.48583984375, 2897.04296875, 21638.193359375, 2662.957763671875]
[736.6689453125, 1970.9036865234375, 2884.37890625, 21566.986328125, 2663.09130859375]
[726.846923828125, 1958.6011962890625, 2873.909912109375, 21539.21484375, 2663.489990234375]
[729.9093017578125, 1956.31689453125, 2870.008056640625, 21523.697265625, 2663.20703125]
[725.6118774414062, 1954.6904296875, 2869.496826171875, 21448.177734375, 2663.4560546875]
[722.4148559570312, 1951.8387451171875, 2866.82568359375, 21408.06640625, 2663.60693359375]
[718.5987548828125, 1946.687255859375, 2861.5361328125, 21359.794921875, 2663.7138671875]
[712.7390747070312, 1935.0457763671875, 2850.245849609375, 21294.025390625, 2663.852294921875]
[701.0916137695312, 1918.548583984375, 2833.4990234375, 21230.029296875, 2664.133056640625]
[697.8157958984375, 1906.838623046875, 2822.990234375, 21176.78515625, 2664.1220703125]
[690.1932983398438, 1895.3717041015625, 2812.4560546875, 21136.185546875, 2664.38134765625]
[682.7301635742188, 1882.4417724609375, 2800.29736328125, 21074.677734375, 2664.446533203125]
[672.838623046875, 1870.051513671875, 2789.612060546875, 21039.5859375, 2664.8740234375]
[672.1810302734375, 1866.2095947265625, 2784.885986328125, 20992.314453125, 2664.830810546875]
[662.6475830078125, 1853.9600830078125, 2775.361328125, 20964.484375, 2665.032958984375]
[664.6727905273438, 1854.567138671875, 2775.205078125, 20906.123046875, 2664.9169921875]
[661.021728515625, 1846.7425537109375, 2767.166015625, 20821.337890625, 2664.92578125]
[653.5001831054688, 1834.3636474609375, 2756.180908203125, 20770.080078125, 2665.106689453125]
[646.5020751953125, 1822.9951171875, 2745.560546875, 20728.28125, 2665.215576171875]
[640.2482299804688, 1813.5859375, 2736.627197265625, 20692.421875, 2665.35009765625]
[632.5225219726562, 1801.5452880859375, 2725.71484375, 20639.244140625, 2665.612548828125]
[627.5123291015625, 1792.1876220703125, 2715.933349609375, 20582.3671875, 2665.731201171875]
[619.7012939453125, 1782.134521484375, 2707.63037109375, 20552.59375, 2666.031494140625]
[620.6006469726562, 1778.170654296875, 2702.275390625, 20498.669921875, 2665.963134765625]
[615.2225341796875, 1770.7491455078125, 2696.399658203125, 20446.833984375, 2666.166015625]
[608.3561401367188, 1760.5263671875, 2688.07373046875, 20386.306640625, 2666.39599609375]
[604.4512329101562, 1753.2628173828125, 2681.852294921875, 20332.744140625, 2666.581787109375]
[596.1126098632812, 1740.0206298828125, 2669.265625, 20272.31640625, 2666.88037109375]
[592.9806518554688, 1732.65185546875, 2662.76025390625, 20226.326171875, 2666.9775390625]
[589.9421997070312, 1727.47705078125, 2657.12158203125, 20185.150390625, 2667.074951171875]
[581.5217895507812, 1715.083251953125, 2645.551025390625, 20131.8359375, 2667.326904296875]
[575.9437255859375, 1706.0189208984375, 2635.603271484375, 20085.744140625, 2667.47509765625]
[574.4669799804688, 1703.19873046875, 2632.784423828125, 20041.251953125, 2667.4931640625]
[565.088134765625, 1693.046142578125, 2626.251708984375, 20024.0703125, 2667.918212890625]
Iteration: 505, loss: 27576.375000
[570.4789428710938, 1694.0355224609375, 2624.6943359375, 19986.28515625, 2667.608642578125]
[568.4786376953125, 1692.46484375, 2623.6376953125, 19948.033203125, 2667.724609375]
[562.042236328125, 1684.269287109375, 2616.9853515625, 19905.3046875, 2668.050048828125]
[558.1148681640625, 1677.4959716796875, 2610.731689453125, 19872.15234375, 2668.215087890625]
[550.2255249023438, 1662.5457763671875, 2596.230712890625, 19820.923828125, 2668.554443359375]
[546.3796997070312, 1651.797607421875, 2585.031005859375, 19764.13671875, 2668.62548828125]
[542.2077026367188, 1643.6944580078125, 2576.784912109375, 19726.06640625, 2668.7421875]
[537.942626953125, 1633.8135986328125, 2566.20068359375, 19658.15625, 2668.885009765625]
[526.94140625, 1617.225830078125, 2551.43505859375, 19645.783203125, 2669.15234375]
[528.5588989257812, 1617.2464599609375, 2550.192626953125, 19556.697265625, 2669.1513671875]
[524.5890502929688, 1612.646240234375, 2546.65625, 19526.416015625, 2669.406494140625]
[525.7149047851562, 1611.7828369140625, 2544.310791015625, 19498.013671875, 2669.3251953125]
[520.9469604492188, 1606.0260009765625, 2539.5869140625, 19467.556640625, 2669.51806640625]
[512.2427368164062, 1595.3131103515625, 2529.33642578125, 19427.1640625, 2669.860107421875]
[510.8457336425781, 1591.69482421875, 2524.571533203125, 19378.509765625, 2669.843017578125]
[506.1379699707031, 1582.1893310546875, 2512.63818359375, 19324.078125, 2669.9970703125]
/usr/local/lib/python3.6/dist-packages/torchvision/transforms/transforms.py:220: UserWarning: The use of the transforms.Scale transform is deprecated, please use transforms.Resize instead.
  "please use transforms.Resize instead.")
HR iterations
[11100.3818359375, 4702947.5, 1377674.375, 142878784.0, 1935.2999267578125]
[11100.3818359375, 4702947.5, 1377674.375, 142878784.0, 1935.2999267578125]
[11100.3818359375, 4702947.5, 1377674.375, 142878784.0, 1935.2999267578125]
[241356.265625, 110653056.0, 37420544.0, 2382791936.0, 6227.03759765625]
[9253.474609375, 5914283.5, 2807629.0, 139061792.0, 3212.77685546875]
[1760.645751953125, 1254213.75, 1070660.625, 55032904.0, 2834.450927734375]
[2856.84814453125, 543331.75, 299781.65625, 12234853.0, 2488.97705078125]
[3932.751708984375, 913239.875, 350610.53125, 16940800.0, 2475.28125]
[3266.114990234375, 675120.125, 292991.40625, 6032640.5, 2487.432861328125]
[2814.6748046875, 526764.625, 270151.625, 4588719.0, 2520.06005859375]
[2682.9853515625, 483946.8125, 249501.546875, 3343773.5, 2540.537841796875]
[2469.595703125, 419158.84375, 219572.078125, 1950243.75, 2567.313720703125]
[2455.50048828125, 414632.4375, 198168.3125, 1487066.875, 2572.41015625]
[2351.249267578125, 384969.96875, 189227.8125, 1109951.625, 2577.409912109375]
[2346.559814453125, 383318.0625, 179645.734375, 917811.5, 2573.661376953125]
[2275.786865234375, 361495.53125, 164022.578125, 717334.0, 2575.49560546875]
[2136.357177734375, 321738.9375, 142191.765625, 640314.3125, 2576.026123046875]
[2086.205322265625, 305045.375, 134623.203125, 503584.375, 2576.7333984375]
[2034.1759033203125, 290448.5625, 132177.390625, 448063.34375, 2576.147705078125]
[1891.0162353515625, 252217.796875, 122138.53125, 392511.09375, 2577.0244140625]
[1706.66455078125, 207426.84375, 113601.453125, 343475.0625, 2578.6259765625]
[1536.8924560546875, 168792.109375, 102587.1484375, 326425.78125, 2583.662841796875]
[1484.9046630859375, 157516.625, 98237.640625, 298663.90625, 2583.5419921875]
[1351.189697265625, 130347.625, 89669.7265625, 276790.34375, 2587.887451171875]
[1223.1846923828125, 106994.7109375, 80375.7109375, 263491.90625, 2587.962890625]
[1198.5733642578125, 102735.5078125, 78187.046875, 229909.859375, 2586.297119140625]
[1135.2779541015625, 93172.9765625, 74709.7734375, 213427.3125, 2586.779541015625]
[1106.3594970703125, 88700.1953125, 71859.234375, 194333.859375, 2582.654541015625]
[975.50244140625, 73345.9296875, 64914.125, 197609.3125, 2591.466552734375]
[994.5123291015625, 74146.1796875, 63883.6015625, 169464.71875, 2584.70166015625]
[988.966796875, 72884.5546875, 62445.1328125, 159981.0625, 2583.747314453125]
[940.4175415039062, 67255.0234375, 58464.2421875, 152646.90625, 2584.7490234375]
[919.19970703125, 63185.76171875, 53952.65234375, 145602.875, 2585.209716796875]
[862.1390991210938, 59173.27734375, 51339.20703125, 139414.890625, 2587.291015625]
[850.1143798828125, 58065.87890625, 50052.078125, 131583.34375, 2585.820556640625]
[827.4082641601562, 56028.93359375, 47756.53125, 122296.6171875, 2584.333984375]
[801.8866577148438, 50523.26171875, 41668.7265625, 120932.65625, 2579.355224609375]
[779.202392578125, 48413.30859375, 39487.3359375, 108291.5546875, 2580.19970703125]
[781.6766357421875, 46616.47265625, 37920.06640625, 102153.59375, 2579.10986328125]
[756.3842163085938, 43568.5078125, 35038.015625, 102031.2578125, 2579.781982421875]
[757.84814453125, 40717.7890625, 32568.83203125, 96524.015625, 2578.05908203125]
[731.3639526367188, 35217.30859375, 28126.17578125, 96498.7265625, 2576.656005859375]
[745.2775268554688, 34271.04296875, 27011.662109375, 88073.390625, 2575.371826171875]
[745.2540283203125, 34449.37890625, 27151.927734375, 84119.4921875, 2575.645751953125]
[729.6035766601562, 32732.7109375, 25792.28125, 80202.6171875, 2576.406005859375]
[726.5755004882812, 31110.0859375, 24479.19921875, 75399.15625, 2575.313232421875]
[704.6192016601562, 26902.58984375, 21326.021484375, 75011.3828125, 2575.8525390625]
[712.9298706054688, 26067.19140625, 20542.38671875, 71035.671875, 2573.8974609375]
[709.4048461914062, 24238.05859375, 19126.009765625, 69235.640625, 2572.73291015625]
[714.49267578125, 22475.21484375, 17442.02734375, 66968.6875, 2570.010986328125]
[685.9602661132812, 19267.9296875, 15793.359375, 67558.0859375, 2571.411865234375]
[690.374267578125, 19419.458984375, 15639.8447265625, 62922.390625, 2569.956787109375]
[687.1341552734375, 18837.75390625, 15233.64453125, 61058.04296875, 2569.64013671875]
[678.9298095703125, 18309.5859375, 14976.5224609375, 58641.484375, 2569.7822265625]
[664.2271728515625, 16999.28515625, 14334.1025390625, 57500.40625, 2570.42431640625]
[659.712646484375, 16559.4296875, 14034.16015625, 54769.78125, 2570.545654296875]
[656.59033203125, 15795.5986328125, 13493.3837890625, 52444.09765625, 2570.473876953125]
[654.1043701171875, 14592.8271484375, 12525.7548828125, 50881.92578125, 2570.736328125]
[656.5433959960938, 14152.58203125, 12086.912109375, 48255.93359375, 2570.669189453125]
[656.2057495117188, 13795.076171875, 11816.0830078125, 47096.515625, 2570.62060546875]
[657.6211547851562, 13429.3212890625, 11403.9111328125, 45462.640625, 2570.420166015625]
[650.0482788085938, 12625.640625, 11030.3876953125, 44926.7578125, 2570.644287109375]
[651.16748046875, 12684.779296875, 10917.826171875, 42825.1953125, 2569.898193359375]
[644.4266357421875, 12199.6572265625, 10645.234375, 41870.0625, 2570.619140625]
[641.5753173828125, 12069.73828125, 10559.087890625, 41026.8359375, 2570.359130859375]
[638.1827392578125, 11814.9384765625, 10403.0224609375, 40269.2890625, 2570.19189453125]
[631.2089233398438, 11354.48828125, 10113.142578125, 39127.16015625, 2570.839599609375]
[629.5533447265625, 11042.013671875, 9811.4736328125, 38408.4453125, 2570.190185546875]
[629.1818237304688, 10996.5380859375, 9745.2431640625, 37385.75, 2570.588623046875]
[628.1813354492188, 10814.3486328125, 9567.5693359375, 36584.2890625, 2571.325439453125]
[628.1231689453125, 10716.248046875, 9427.2578125, 35748.85546875, 2571.36279296875]
[622.1692504882812, 10183.4521484375, 8969.419921875, 34722.53125, 2572.015380859375]
[619.2357788085938, 9919.1787109375, 8658.18359375, 33766.01171875, 2571.8037109375]
[613.7617797851562, 9586.361328125, 8393.96484375, 33186.3828125, 2572.05419921875]
[607.5360717773438, 9230.140625, 8084.81982421875, 32341.4765625, 2572.234375]
[597.4923095703125, 8689.462890625, 7656.49072265625, 31698.609375, 2573.047119140625]
[595.3890991210938, 8491.359375, 7403.162109375, 30436.494140625, 2572.228759765625]
[590.3670043945312, 8218.6259765625, 7200.99658203125, 30067.345703125, 2572.9013671875]
[590.911865234375, 8216.1748046875, 7171.07568359375, 29307.896484375, 2572.359130859375]
[589.102783203125, 8099.3984375, 7071.5029296875, 28830.025390625, 2572.389892578125]
[583.1204223632812, 7826.166015625, 6874.46484375, 28031.310546875, 2572.514404296875]
[577.8052978515625, 7600.2666015625, 6700.08837890625, 27399.484375, 2572.503173828125]
[564.5498657226562, 7123.72412109375, 6351.9326171875, 27025.310546875, 2573.02734375]
[562.9291381835938, 6974.66455078125, 6189.259765625, 26077.841796875, 2572.53466796875]
[561.3907470703125, 6863.8291015625, 6081.5068359375, 25657.904296875, 2572.37451171875]
[557.0767822265625, 6611.96240234375, 5866.83154296875, 25297.078125, 2572.4404296875]
[553.3526000976562, 6312.20263671875, 5614.28662109375, 24891.345703125, 2572.264404296875]
[547.6549682617188, 6054.3046875, 5437.97509765625, 24584.1015625, 2572.801513671875]
[549.8310546875, 6002.806640625, 5353.04248046875, 24132.703125, 2572.0263671875]
[547.076416015625, 5894.72509765625, 5294.86572265625, 23830.326171875, 2572.575439453125]
[545.5925903320312, 5807.9443359375, 5238.13818359375, 23466.0390625, 2572.780029296875]
[543.5421752929688, 5675.6875, 5142.92333984375, 23064.94921875, 2572.85498046875]
[538.8861694335938, 5439.126953125, 4982.60205078125, 22371.716796875, 2572.90966796875]
[530.3685913085938, 5095.50830078125, 4769.63037109375, 22387.57421875, 2573.288330078125]
[530.74169921875, 5080.4091796875, 4737.80712890625, 21396.16015625, 2572.705322265625]
[528.10400390625, 4999.20751953125, 4690.54150390625, 21179.607421875, 2572.74462890625]
[525.9812622070312, 4938.10546875, 4641.49609375, 20808.140625, 2572.510986328125]
[518.411376953125, 4721.65234375, 4521.71337890625, 20617.779296875, 2572.885498046875]
[515.3999633789062, 4632.8125, 4460.6083984375, 20205.953125, 2572.922119140625]
[513.4622802734375, 4533.28515625, 4388.72705078125, 19901.6640625, 2572.88916015625]
[510.59991455078125, 4413.46044921875, 4305.8212890625, 19597.83203125, 2573.0029296875]
[509.2077331542969, 4297.41748046875, 4216.77685546875, 19271.060546875, 2572.770751953125]
[507.9432678222656, 4215.65966796875, 4147.9287109375, 18991.65625, 2572.671630859375]
[505.70904541015625, 4112.53662109375, 4075.65869140625, 18742.904296875, 2572.70947265625]
[505.6461181640625, 4067.632568359375, 4024.748779296875, 18429.0078125, 2572.3505859375]
[500.9373474121094, 3920.8232421875, 3940.9638671875, 18273.90625, 2572.886474609375]
[502.2021484375, 3903.090087890625, 3901.485595703125, 17914.2421875, 2572.443359375]
[500.58782958984375, 3838.878662109375, 3858.222900390625, 17687.78515625, 2572.326416015625]
[497.660888671875, 3720.38818359375, 3763.568359375, 17404.681640625, 2572.580322265625]
[495.09136962890625, 3644.88232421875, 3707.080078125, 17154.056640625, 2572.29150390625]
[493.6820983886719, 3596.596923828125, 3652.68505859375, 16880.787109375, 2572.082275390625]
[488.5914306640625, 3477.997802734375, 3556.159912109375, 16619.46484375, 2572.37158203125]
[487.85174560546875, 3425.97998046875, 3489.3037109375, 16310.7568359375, 2572.062744140625]
[487.9961853027344, 3414.4921875, 3469.55419921875, 16118.01171875, 2571.947021484375]
[484.35968017578125, 3316.696044921875, 3407.0458984375, 16070.55859375, 2572.2099609375]
[485.4192810058594, 3320.41015625, 3398.239990234375, 15839.01953125, 2571.879638671875]
[484.8899841308594, 3290.98193359375, 3369.748046875, 15650.0205078125, 2571.648193359375]
[482.6874084472656, 3216.262451171875, 3304.7900390625, 15406.396484375, 2571.427490234375]
[479.1223449707031, 3111.7861328125, 3213.252197265625, 15212.6728515625, 2571.448974609375]
[478.17010498046875, 3068.833740234375, 3162.872314453125, 14947.958984375, 2571.36328125]
[477.792724609375, 3048.00634765625, 3131.315673828125, 14767.5361328125, 2571.47021484375]
[476.95062255859375, 3015.557373046875, 3089.7802734375, 14581.552734375, 2571.484619140625]
[475.6791076660156, 2969.205810546875, 3033.34814453125, 14392.1455078125, 2571.654296875]
[475.7939453125, 2953.720458984375, 3001.81005859375, 14170.498046875, 2571.48388671875]
[472.39154052734375, 2871.704833984375, 2933.864501953125, 14078.4208984375, 2571.6279296875]
[472.8247985839844, 2869.810546875, 2923.2041015625, 13888.8681640625, 2571.316650390625]
[471.75177001953125, 2848.419677734375, 2902.83544921875, 13749.986328125, 2571.321533203125]
[468.9974670410156, 2790.01904296875, 2847.119384765625, 13603.919921875, 2571.277099609375]
[467.3047180175781, 2761.530029296875, 2816.451171875, 13488.1103515625, 2571.4599609375]
[466.39080810546875, 2737.44775390625, 2789.781005859375, 13384.3193359375, 2571.440673828125]
[465.07965087890625, 2695.90283203125, 2742.16064453125, 13188.314453125, 2571.25537109375]
[462.922607421875, 2649.182861328125, 2694.096923828125, 13091.447265625, 2571.346923828125]
[463.8865051269531, 2651.25390625, 2687.931640625, 12944.177734375, 2571.013427734375]
[462.47662353515625, 2618.817626953125, 2659.475830078125, 12840.3544921875, 2571.017333984375]
[461.8140563964844, 2598.7314453125, 2636.265380859375, 12730.5263671875, 2571.01513671875]
[460.1787414550781, 2552.698974609375, 2586.834228515625, 12589.61328125, 2571.01416015625]
[459.2337951660156, 2517.081298828125, 2543.153564453125, 12483.69921875, 2570.97314453125]
[459.0220642089844, 2503.45458984375, 2525.893310546875, 12365.0234375, 2570.893310546875]
[457.7178649902344, 2467.581298828125, 2490.256591796875, 12223.87890625, 2570.899658203125]
[456.857666015625, 2445.246337890625, 2466.664794921875, 12091.3291015625, 2570.851806640625]
[454.0602111816406, 2391.907958984375, 2421.798583984375, 11975.8896484375, 2571.09521484375]
[452.9070129394531, 2369.451171875, 2399.61767578125, 11820.4140625, 2571.06591796875]
[449.5361328125, 2316.231201171875, 2355.474609375, 11731.1455078125, 2571.324951171875]
[449.5154724121094, 2308.939697265625, 2346.2548828125, 11581.5771484375, 2571.203857421875]
[448.7493896484375, 2288.72216796875, 2328.533447265625, 11473.40625, 2571.142822265625]
[446.8542785644531, 2244.832763671875, 2292.445068359375, 11326.91015625, 2571.150390625]
[445.6685485839844, 2208.670654296875, 2262.80224609375, 11188.630859375, 2570.978271484375]
[444.3528137207031, 2180.84619140625, 2240.959228515625, 11079.2587890625, 2570.967529296875]
[443.08624267578125, 2143.463623046875, 2210.5986328125, 10956.8193359375, 2570.82958984375]
[440.62762451171875, 2103.5185546875, 2180.084716796875, 10852.6474609375, 2571.0107421875]
[440.5188903808594, 2091.079833984375, 2165.74951171875, 10740.8427734375, 2570.797119140625]
[436.9112548828125, 2028.2730712890625, 2124.829345703125, 10744.13671875, 2571.13232421875]
[438.70489501953125, 2050.726806640625, 2130.67041015625, 10581.708984375, 2570.856689453125]
[438.5090026855469, 2047.3302001953125, 2128.124267578125, 10528.85546875, 2570.841552734375]
[436.8319396972656, 2018.646728515625, 2106.864990234375, 10430.4296875, 2570.92333984375]
[435.22833251953125, 1990.5877685546875, 2084.052001953125, 10324.7890625, 2570.85595703125]
[432.4564208984375, 1946.836181640625, 2048.240234375, 10217.8837890625, 2570.810546875]
[430.9840393066406, 1922.503173828125, 2024.8685302734375, 10124.1533203125, 2570.6806640625]
[429.4999694824219, 1900.8656005859375, 2004.9171142578125, 10033.951171875, 2570.496337890625]
[427.6676025390625, 1877.19970703125, 1985.419189453125, 9951.3330078125, 2570.4150390625]
[426.45452880859375, 1860.1822509765625, 1967.18896484375, 9846.0517578125, 2570.21337890625]
[423.0031433105469, 1821.2012939453125, 1936.0081787109375, 9775.3095703125, 2570.31982421875]
[423.4414978027344, 1819.3631591796875, 1927.16357421875, 9674.8447265625, 2570.111572265625]
[422.5771484375, 1807.4285888671875, 1916.7982177734375, 9604.8232421875, 2570.165283203125]
[421.1175842285156, 1786.336669921875, 1898.1077880859375, 9518.69921875, 2570.14697265625]
[419.973388671875, 1767.048095703125, 1879.401611328125, 9431.5263671875, 2570.034912109375]
[417.214111328125, 1728.5428466796875, 1842.17529296875, 9335.3857421875, 2569.59521484375]
[416.552978515625, 1713.4649658203125, 1825.145263671875, 9252.3623046875, 2569.541015625]
[415.34027099609375, 1698.5185546875, 1810.195556640625, 9201.5830078125, 2569.505126953125]
[413.0946960449219, 1666.8853759765625, 1775.544677734375, 9061.33984375, 2569.274169921875]
[408.5873718261719, 1622.6937255859375, 1733.3031005859375, 9057.611328125, 2569.526123046875]
[410.95501708984375, 1636.5496826171875, 1741.1136474609375, 8928.5791015625, 2569.250244140625]
[410.15625, 1630.399169921875, 1738.515869140625, 8889.2646484375, 2569.2255859375]
[409.825439453125, 1626.5928955078125, 1734.2459716796875, 8846.642578125, 2569.267333984375]
[409.00384521484375, 1616.5413818359375, 1723.925537109375, 8798.103515625, 2569.27587890625]
[407.9031066894531, 1603.7630615234375, 1710.802978515625, 8744.3603515625, 2569.2568359375]
[406.0552062988281, 1581.2471923828125, 1686.3355712890625, 8652.7548828125, 2569.162109375]
[403.5660705566406, 1558.6070556640625, 1662.36474609375, 8582.7451171875, 2569.2373046875]
[403.301513671875, 1551.54296875, 1653.11767578125, 8521.1865234375, 2569.09716796875]
[402.28131103515625, 1541.985107421875, 1642.779052734375, 8473.4208984375, 2569.08154296875]
[401.7077941894531, 1534.6962890625, 1633.5096435546875, 8403.658203125, 2568.9921875]
[398.3167419433594, 1508.415771484375, 1608.3271484375, 8348.1484375, 2569.078125]
[398.1252136230469, 1500.517578125, 1597.83740234375, 8259.4833984375, 2568.88330078125]
[397.3755187988281, 1491.0723876953125, 1587.8345947265625, 8206.4404296875, 2568.77392578125]
[395.8681335449219, 1474.15087890625, 1569.5860595703125, 8128.72900390625, 2568.6689453125]
[393.3874816894531, 1449.3233642578125, 1545.6490478515625, 8082.310546875, 2568.402587890625]
[393.5184020996094, 1447.36474609375, 1541.143798828125, 8013.66796875, 2568.363037109375]
[391.52252197265625, 1433.1927490234375, 1528.601318359375, 8001.89990234375, 2568.455810546875]
[392.18951416015625, 1435.9716796875, 1530.0247802734375, 7949.0302734375, 2568.367919921875]
[391.8346862792969, 1432.278076171875, 1526.7291259765625, 7921.18603515625, 2568.33154296875]
[390.73480224609375, 1421.4278564453125, 1516.795166015625, 7879.22119140625, 2568.272216796875]
[389.1660461425781, 1406.76025390625, 1503.0643310546875, 7827.1689453125, 2568.183349609375]
[386.37799072265625, 1378.59130859375, 1475.434814453125, 7736.931640625, 2568.02734375]
[384.1734924316406, 1360.7342529296875, 1458.4127197265625, 7674.02880859375, 2567.84228515625]
[384.46563720703125, 1360.358154296875, 1455.1673583984375, 7614.39208984375, 2567.792236328125]
[382.95684814453125, 1349.30517578125, 1444.4859619140625, 7584.228515625, 2567.840087890625]
[382.76275634765625, 1345.6573486328125, 1439.512451171875, 7532.8037109375, 2567.803466796875]
[380.2158203125, 1328.310546875, 1422.815185546875, 7465.337890625, 2567.907958984375]
[378.6639709472656, 1313.783935546875, 1409.2750244140625, 7425.51416015625, 2567.875244140625]
[378.629638671875, 1311.716796875, 1407.1788330078125, 7380.3193359375, 2567.80126953125]
[377.36322021484375, 1301.460205078125, 1398.3193359375, 7337.04541015625, 2567.71337890625]
[376.6468200683594, 1293.68115234375, 1390.6085205078125, 7286.65087890625, 2567.585205078125]
