
[1163465.875, 8952580.0, 5491097.0, 222232080.0, 0.0]
[1163465.875, 8952580.0, 5491096.0, 222232000.0, 3.098470924278729e-10]
[1163461.0, 8952102.0, 5489336.0, 222107488.0, 0.0002598267747089267]
[1160568.875, 8654779.0, 4605639.5, 167920432.0, 65.80268859863281]
[1152438.625, 7990546.0, 3307165.5, 107084256.0, 320.86474609375]
[1139895.25, 7307908.5, 2449168.25, 67859632.0, 601.1678466796875]
[1127461.875, 6882501.0, 1999783.875, 48427048.0, 795.842041015625]
[1111738.375, 6558235.5, 1681697.0, 36159524.0, 972.1990966796875]
[1085182.375, 6218383.5, 1376602.0, 25991016.0, 1168.4832763671875]
[1061716.25, 6041070.0, 1193273.5, 19072728.0, 1290.9871826171875]
[1045403.8125, 5901506.0, 1086512.0, 15020219.0, 1351.5865478515625]
[1013059.0625, 5626971.5, 932043.0, 10726279.0, 1420.8590087890625]
[972721.5, 5368492.0, 812572.1875, 9705400.0, 1570.1400146484375]
[964577.4375, 5243519.5, 779870.0625, 7444031.0, 1535.939697265625]
[950051.625, 5116548.0, 744142.5, 6752335.0, 1546.3851318359375]
[922014.125, 4892870.0, 686295.1875, 5858060.5, 1582.7774658203125]
[865788.4375, 4520105.5, 602695.8125, 4726713.0, 1683.680419921875]
[833233.5625, 4189311.5, 542272.5, 4445225.0, 1668.5849609375]
[795440.875, 3999704.75, 518167.71875, 3845454.25, 1728.5635986328125]
[804557.625, 4008511.75, 510930.125, 3452204.25, 1709.481201171875]
[788348.8125, 3907380.5, 489229.8125, 3123129.5, 1743.2886962890625]
[760662.5625, 3722875.5, 461683.25, 2828746.0, 1771.982177734375]
[716884.5625, 3441690.0, 425192.78125, 2516329.75, 1808.344482421875]
[681758.25, 3228873.0, 400525.84375, 2420650.0, 1831.247314453125]
[682237.3125, 3201015.0, 390167.03125, 2078964.375, 1827.7454833984375]
[645766.875, 3008316.75, 371404.03125, 2024449.625, 1875.3133544921875]
[638170.125, 2953116.25, 362127.0, 1840674.25, 1879.6822509765625]
[608582.0, 2774382.0, 343324.5625, 1726523.375, 1897.5430908203125]
[579034.8125, 2593054.5, 321875.71875, 1559140.625, 1918.469970703125]
[524527.5625, 2301801.75, 303259.0, 1866208.375, 1950.6307373046875]
[540190.9375, 2345529.0, 294468.625, 1467522.625, 1930.850341796875]
[512091.5, 2232878.0, 285076.21875, 1455213.25, 1978.235595703125]
[503121.6875, 2177997.5, 281522.4375, 1338122.5, 1975.902099609375]
[483953.21875, 2075376.0, 273923.59375, 1314910.5, 1984.439208984375]
[456005.625, 1927053.75, 261951.71875, 1264811.0, 1997.896240234375]
[404703.65625, 1669114.0, 242698.46875, 1241133.25, 2025.9737548828125]
[402147.90625, 1619757.875, 233969.546875, 1145763.25, 2008.44580078125]
[368980.90625, 1479025.875, 228885.625, 1122797.5, 2029.9852294921875]
[354114.96875, 1408648.875, 222062.34375, 1086815.125, 2034.655517578125]
[349831.125, 1382450.25, 216737.1875, 981840.8125, 2036.4656982421875]
[313924.25, 1224015.625, 205941.6875, 985723.625, 2055.885009765625]
[304178.5625, 1166473.75, 195500.171875, 867282.5, 2055.129150390625]
[274241.25, 1043626.9375, 188747.578125, 910857.9375, 2069.798583984375]
[271523.375, 1027772.4375, 184210.5, 819034.0, 2073.732177734375]
[256239.71875, 964226.4375, 178829.5, 792320.8125, 2085.3310546875]
[242279.234375, 901497.8125, 170065.796875, 755701.4375, 2098.75830078125]
[197343.390625, 763129.25, 178412.5625, 1251940.875, 2153.6689453125]
[230251.15625, 851275.375, 166345.96875, 704442.5, 2112.767333984375]
[223959.515625, 829021.1875, 165581.8125, 711707.375, 2113.333740234375]
[219748.59375, 813189.75, 164649.84375, 660167.625, 2120.931884765625]
[211431.765625, 782075.6875, 163656.171875, 655975.8125, 2129.097412109375]
[201054.0625, 743539.25, 161948.953125, 657279.75, 2138.657958984375]
[185610.9375, 686357.25, 158826.6875, 648748.4375, 2149.109375]
[174222.140625, 644095.0625, 152423.5, 611662.625, 2163.480712890625]
[175098.421875, 640839.1875, 148783.46875, 581724.0, 2159.104736328125]
[164517.765625, 606500.625, 147100.921875, 565831.4375, 2170.76318359375]
[145480.65625, 550587.25, 146034.921875, 602669.75, 2196.7060546875]
[150539.0, 558247.1875, 141109.28125, 508935.96875, 2187.045654296875]
[146035.1875, 541033.9375, 138511.96875, 494711.84375, 2190.1875]
[128583.390625, 486179.0625, 134764.921875, 499834.96875, 2208.702392578125]
[123983.078125, 464924.40625, 129942.21875, 492475.4375, 2208.875244140625]
[121330.8828125, 455338.4375, 128346.6484375, 451936.34375, 2209.4345703125]
[114298.6171875, 435101.875, 127251.53125, 452758.28125, 2217.23388671875]
[111863.515625, 423449.28125, 123396.96875, 442154.96875, 2218.962158203125]
[105252.4609375, 404360.53125, 121990.6171875, 429612.25, 2225.1884765625]
[101735.984375, 392708.9375, 120007.4921875, 411053.09375, 2229.778564453125]
[99883.890625, 384762.28125, 117243.515625, 393145.75, 2231.404541015625]
[91201.984375, 360813.15625, 115662.7265625, 408757.65625, 2244.072998046875]
[93603.578125, 362984.1875, 112349.671875, 373829.40625, 2239.882080078125]
[91493.1796875, 356875.25, 111534.71875, 363894.21875, 2240.50927734375]
[88007.484375, 346630.375, 110214.0078125, 359865.78125, 2243.851806640625]
[83121.2890625, 330628.78125, 107360.84375, 352929.875, 2246.85009765625]
[81142.71875, 323077.8125, 104424.75, 339030.4375, 2250.143798828125]
[81189.484375, 320879.6875, 102213.5234375, 330607.4375, 2249.150390625]
[75353.515625, 303645.625, 99600.6640625, 341002.8125, 2257.1845703125]
[75688.7890625, 304440.25, 98932.0078125, 316058.9375, 2256.962158203125]
[74289.4140625, 299972.0, 97617.6015625, 307519.34375, 2258.200439453125]
[69964.640625, 286947.8125, 94675.0, 298531.5625, 2264.328125]
[66901.3984375, 275346.25, 89899.6328125, 323791.3125, 2266.25]
[65196.77734375, 271626.9375, 90654.5234375, 292024.90625, 2270.053955078125]
[67524.359375, 277628.875, 90780.8671875, 279784.84375, 2266.837158203125]
[65482.4296875, 271479.03125, 89632.3046875, 274863.90625, 2269.68603515625]
[61706.42578125, 259860.96875, 87652.8203125, 280630.90625, 2275.0830078125]
[61867.5703125, 259561.953125, 86839.9765625, 266320.0, 2274.292724609375]
[60075.84765625, 252357.296875, 84279.6015625, 254647.734375, 2276.36181640625]
[56476.33203125, 240140.65625, 81954.640625, 255334.65625, 2283.66552734375]
[55306.234375, 235109.109375, 80386.03125, 247562.21875, 2285.05712890625]
[53816.0859375, 228639.953125, 78529.0078125, 242294.671875, 2288.248291015625]
[51438.05078125, 218785.578125, 76481.6171875, 243411.15625, 2291.931884765625]
[51703.390625, 217266.296875, 74618.5390625, 235044.828125, 2291.76025390625]
[49102.0234375, 208649.921875, 74081.03125, 247033.59375, 2300.887939453125]
[50362.3671875, 212203.765625, 73824.4609375, 226129.71875, 2295.171875]
[50005.13671875, 210164.28125, 73194.4140625, 222158.078125, 2295.318115234375]
[48416.44921875, 202210.703125, 71253.1875, 218473.359375, 2297.806884765625]
[46956.125, 194048.3125, 69078.4609375, 216655.0625, 2303.329345703125]
[46515.44921875, 190833.65625, 68015.265625, 209517.171875, 2303.47216796875]
[45943.10546875, 187095.375, 66995.2734375, 207326.015625, 2304.6650390625]
[45697.078125, 184482.84375, 65835.5078125, 204348.0625, 2304.696044921875]
[43039.0078125, 171339.421875, 64445.5703125, 228770.046875, 2312.1005859375]
[44567.23828125, 176887.0625, 63518.5625, 197135.28125, 2306.0390625]
[44166.515625, 174613.5, 63023.43359375, 194368.15625, 2306.67236328125]
[43479.98828125, 170855.59375, 62322.94140625, 192774.0625, 2307.969970703125]
[42510.171875, 165479.5625, 61238.3203125, 190368.40625, 2311.06787109375]
[41984.0703125, 162015.015625, 60193.23046875, 185903.625, 2311.873046875]
[41448.41796875, 158249.59375, 58802.81640625, 182571.3125, 2314.474853515625]
[40712.53125, 153775.96875, 57653.609375, 180480.34375, 2316.97802734375]
[39601.1328125, 146900.171875, 55638.11328125, 178455.015625, 2320.531982421875]
[39113.80078125, 143531.859375, 54417.9296875, 175005.796875, 2320.979736328125]
[38463.75390625, 140523.5625, 54253.80078125, 175073.28125, 2323.107421875]
[38579.09765625, 140778.234375, 53678.765625, 168609.625, 2320.468017578125]
[38313.515625, 139230.859375, 53375.28125, 165105.1875, 2322.0556640625]
[37601.69140625, 135519.5, 52673.55859375, 162972.328125, 2325.704833984375]
[37104.4921875, 133083.21875, 52060.515625, 160266.546875, 2327.9990234375]
[35744.578125, 126951.4921875, 50787.3046875, 157399.6875, 2333.076416015625]
[34746.3671875, 122668.03125, 49245.796875, 158924.4375, 2337.666015625]
[34577.625, 121583.71875, 48915.90625, 152607.0, 2336.893310546875]
[34088.3671875, 119327.203125, 48605.12109375, 152655.15625, 2338.39306640625]
[33973.19921875, 118220.4140625, 47795.60546875, 149511.5625, 2337.123291015625]
[33303.703125, 115020.078125, 46898.03125, 147047.796875, 2339.96826171875]
[31902.224609375, 108639.1484375, 45459.19921875, 150002.171875, 2346.353515625]
[32269.40234375, 109676.484375, 45039.75, 144108.640625, 2344.233642578125]
[31970.22265625, 108387.5546875, 44831.89453125, 143043.96875, 2345.109130859375]
[31149.314453125, 104733.5390625, 44132.140625, 142300.5, 2347.244873046875]
[30810.83203125, 103147.578125, 43641.05859375, 139889.5, 2348.279052734375]
[30095.498046875, 99648.9375, 42380.546875, 137876.8125, 2349.5634765625]
[29014.041015625, 95393.359375, 41675.6640625, 142205.4375, 2356.598876953125]
[29633.814453125, 97633.7421875, 41615.39453125, 135334.9375, 2352.69677734375]
[29401.5234375, 96757.6875, 41525.4296875, 132580.296875, 2352.578369140625]
[28957.771484375, 94946.53125, 41167.5390625, 131785.78125, 2354.224365234375]
[28204.236328125, 91721.6015625, 40444.30078125, 130628.5703125, 2356.783935546875]
[27898.744140625, 90143.234375, 39842.7421875, 127810.625, 2357.385498046875]
[27496.234375, 88020.9375, 39167.73046875, 125733.59375, 2358.539306640625]
[27114.830078125, 86191.0390625, 38647.671875, 124822.765625, 2360.376220703125]
[26705.923828125, 84135.9296875, 38073.70703125, 123350.453125, 2362.203857421875]
[25760.607421875, 79999.2109375, 37197.35546875, 125581.296875, 2368.204833984375]
[25975.1015625, 80253.4296875, 36845.3828125, 120138.5078125, 2365.4931640625]
[25389.853515625, 78072.234375, 36776.03125, 121382.875, 2367.618896484375]
[25532.03125, 78472.390625, 36605.57421875, 117047.59375, 2366.914306640625]
[25372.6640625, 77696.015625, 36366.25, 116305.828125, 2367.482421875]
[25023.953125, 76014.5546875, 35889.68359375, 115441.640625, 2368.508056640625]
[24435.181640625, 73236.421875, 35159.6328125, 113732.421875, 2370.4208984375]
[23673.115234375, 69535.0625, 34066.11328125, 114641.2734375, 2373.98779296875]
[23667.8984375, 69180.7109375, 33702.55859375, 110347.109375, 2372.67333984375]
[23292.03515625, 67690.9609375, 33559.6484375, 110855.9296875, 2375.1796875]
[23357.6796875, 67747.2109375, 33331.484375, 108053.0546875, 2374.932373046875]
[23180.841796875, 66850.28125, 32973.44921875, 106572.3203125, 2376.188232421875]
[22679.919921875, 64492.01953125, 32283.0234375, 105837.9375, 2378.372802734375]
[22295.748046875, 62794.1953125, 31796.91796875, 105248.4140625, 2380.4111328125]
[22263.603515625, 62393.5078125, 31514.34375, 103355.546875, 2379.733154296875]
[21884.01953125, 60660.19921875, 31108.677734375, 103048.46875, 2381.320556640625]
[21817.345703125, 60150.03125, 30784.859375, 101094.7109375, 2381.020263671875]
[21535.197265625, 58898.3359375, 30391.548828125, 100005.03125, 2383.52783203125]
[21286.251953125, 57798.83203125, 30000.701171875, 98867.3125, 2385.254638671875]
[21125.216796875, 57036.62890625, 29605.509765625, 97600.3984375, 2386.65234375]
[20735.181640625, 55499.58203125, 29198.5546875, 97788.3828125, 2389.67724609375]
[20706.69140625, 55207.47265625, 28909.21484375, 96030.1796875, 2389.49169921875]
[20517.49609375, 54407.890625, 28645.111328125, 94849.9921875, 2391.3310546875]
[20311.912109375, 53518.25, 28315.263671875, 93893.6953125, 2393.608154296875]
[20067.5625, 52522.65234375, 27964.55859375, 92951.921875, 2396.1044921875]
[19880.3671875, 51595.328125, 27458.728515625, 91858.3203125, 2398.7060546875]
[19666.423828125, 50834.32421875, 27232.578125, 91212.5703125, 2400.73291015625]
[19691.908203125, 50810.515625, 27103.412109375, 89839.6484375, 2399.850830078125]
[19461.91015625, 49947.6328125, 26829.185546875, 89443.8671875, 2401.932373046875]
[19285.515625, 49195.23828125, 26517.130859375, 88374.9921875, 2403.545166015625]
[19014.2109375, 48112.81640625, 26088.59375, 87649.03125, 2405.83837890625]
[18890.88671875, 47499.77734375, 25774.08203125, 86772.9921875, 2407.237060546875]
[18701.341796875, 46764.5390625, 25470.904296875, 86245.796875, 2409.40185546875]
[18412.794921875, 45533.73828125, 24874.8203125, 84998.2265625, 2411.85595703125]
[17952.140625, 44038.12109375, 24437.07421875, 86760.8125, 2417.27197265625]
[18147.625, 44429.8203125, 24323.646484375, 83840.6640625, 2413.83203125]
[18114.83203125, 44351.34765625, 24318.03515625, 82497.6953125, 2413.869384765625]
[17978.23046875, 43882.6484375, 24151.599609375, 81892.4140625, 2415.259521484375]
[17776.861328125, 43173.1328125, 23854.7578125, 81256.203125, 2417.3447265625]
[17625.720703125, 42581.7890625, 23544.693359375, 80378.765625, 2419.193359375]
[17522.431640625, 42151.703125, 23266.849609375, 79317.3203125, 2420.28173828125]
[17314.69921875, 41405.703125, 22898.69921875, 78536.9296875, 2422.63671875]
[17107.619140625, 40595.03515625, 22372.08203125, 78378.5625, 2424.610107421875]
[16918.716796875, 40031.11328125, 22158.34765625, 77209.078125, 2426.802001953125]
[16929.146484375, 40037.59765625, 22091.3203125, 76060.65625, 2426.265380859375]
[16662.734375, 39283.8125, 21835.228515625, 76101.671875, 2429.543701171875]
[16675.658203125, 39281.6875, 21736.37890625, 74681.3359375, 2429.319091796875]
[16586.318359375, 38944.79296875, 21489.470703125, 73641.8828125, 2430.37939453125]
[16378.4501953125, 38262.453125, 21118.416015625, 73375.296875, 2432.79443359375]
[16160.251953125, 37563.3671875, 20753.35546875, 73059.640625, 2435.409912109375]
[16080.556640625, 37239.015625, 20536.599609375, 72389.7734375, 2435.884521484375]
[15896.1982421875, 36651.56640625, 20240.38671875, 71819.234375, 2437.62255859375]
[15770.576171875, 36193.609375, 19926.626953125, 70403.8515625, 2438.554443359375]
[15295.919921875, 34934.45703125, 19454.384765625, 72067.6875, 2444.71484375]
[15489.4306640625, 35376.59375, 19520.21484375, 69019.2109375, 2441.390380859375]
[15451.498046875, 35285.66796875, 19484.611328125, 68361.484375, 2441.960693359375]
[15351.0859375, 35006.515625, 19353.02734375, 68096.1875, 2443.147216796875]
[15174.2001953125, 34514.9765625, 19129.51953125, 67892.46875, 2444.6416015625]
[15039.720703125, 34068.08984375, 18853.97265625, 67667.0390625, 2445.6640625]
[14986.5927734375, 33901.33984375, 18772.9765625, 66782.2578125, 2445.353759765625]
[14902.7998046875, 33641.34375, 18639.728515625, 66306.4453125, 2445.385498046875]
[14799.8642578125, 33350.2265625, 18494.392578125, 66014.0390625, 2446.119873046875]
[14552.9853515625, 32639.984375, 18120.0703125, 65291.18359375, 2447.28857421875]
[14333.6884765625, 32049.701171875, 17811.935546875, 65310.296875, 2449.671875]
[14404.7431640625, 32162.548828125, 17795.07421875, 64302.125, 2448.3525390625]
[14273.0859375, 31859.662109375, 17683.486328125, 64217.55859375, 2449.732666015625]
[14281.53515625, 31846.8203125, 17645.87109375, 63449.55859375, 2449.6201171875]
[14173.12890625, 31512.650390625, 17445.27734375, 62934.1875, 2450.61083984375]
[14048.576171875, 31155.76171875, 17256.251953125, 62656.75, 2451.592529296875]
[13798.9453125, 30422.62890625, 16873.25, 62344.109375, 2453.291015625]
[13672.1259765625, 30043.578125, 16673.533203125, 61717.12109375, 2453.97705078125]
[13593.51171875, 29788.59765625, 16527.2734375, 61216.5078125, 2454.3740234375]
[13431.642578125, 29337.21484375, 16298.2041015625, 60697.28125, 2455.732177734375]
[13373.8359375, 29076.78515625, 16110.451171875, 60193.97265625, 2455.93310546875]
[13214.0751953125, 28692.50390625, 15959.810546875, 60086.16796875, 2457.91748046875]
[13160.7529296875, 28503.03515625, 15822.44140625, 59415.0625, 2458.345703125]
[13105.6123046875, 28356.45703125, 15759.3310546875, 58836.8828125, 2458.87939453125]
[13032.9228515625, 28144.1953125, 15654.2587890625, 58463.4140625, 2459.335693359375]
[12947.095703125, 27900.03125, 15535.984375, 58271.9921875, 2459.89013671875]
[12766.74609375, 27377.103515625, 15273.8046875, 57650.37109375, 2461.1796875]
[12494.5927734375, 26606.62890625, 14916.5341796875, 58342.8203125, 2463.312255859375]
[12569.1904296875, 26699.90234375, 14884.4013671875, 56722.90625, 2462.1953125]
[12417.201171875, 26366.875, 14775.4580078125, 57094.19140625, 2464.551513671875]
[12471.1552734375, 26458.421875, 14784.4033203125, 56165.21484375, 2463.7431640625]
[12437.9052734375, 26328.431640625, 14705.30078125, 55878.5859375, 2463.967041015625]
[12344.484375, 26042.568359375, 14563.2568359375, 55581.44921875, 2465.037109375]
[12173.7109375, 25546.943359375, 14336.1240234375, 55309.1640625, 2466.914306640625]
[12071.9794921875, 25242.63671875, 14194.55859375, 54905.2265625, 2468.210693359375]
[12035.10546875, 25106.12109375, 14109.3935546875, 54387.4375, 2468.491943359375]
[11920.177734375, 24787.974609375, 13967.6259765625, 54182.9921875, 2469.691650390625]
[11870.9609375, 24624.673828125, 13861.7060546875, 53607.48828125, 2470.0302734375]
[11691.2666015625, 24154.294921875, 13645.58203125, 53330.17578125, 2471.91064453125]
[11597.9384765625, 23850.466796875, 13459.013671875, 52975.296875, 2472.89111328125]
[11499.7119140625, 23620.2734375, 13377.181640625, 52638.9921875, 2474.03076171875]
[11467.400390625, 23506.53125, 13310.5859375, 52210.46875, 2474.212890625]
[11289.654296875, 23081.2578125, 13166.5341796875, 52513.296875, 2476.537109375]
[11325.546875, 23098.66015625, 13132.9423828125, 51646.66796875, 2475.664794921875]
[11274.41015625, 22902.24609375, 13020.2978515625, 51190.61328125, 2475.881591796875]
[11181.646484375, 22610.6953125, 12869.8642578125, 50917.79296875, 2476.36572265625]
[11066.6494140625, 22292.17578125, 12735.373046875, 50856.85546875, 2477.59619140625]
[11022.3369140625, 22151.52734375, 12654.80078125, 50423.16015625, 2477.85498046875]
[10871.25390625, 21772.44140625, 12488.056640625, 50211.984375, 2479.4755859375]
[10898.810546875, 21796.3671875, 12442.6591796875, 49474.12109375, 2479.049560546875]
[10831.705078125, 21645.349609375, 12380.640625, 49205.31640625, 2480.052001953125]
[10679.2529296875, 21288.859375, 12224.5986328125, 48852.578125, 2482.04052734375]
[10580.9814453125, 21040.591796875, 12090.947265625, 48811.01953125, 2483.849609375]
[10566.283203125, 20952.234375, 12041.3740234375, 48265.80078125, 2483.585693359375]
[10491.8916015625, 20717.09375, 11935.18359375, 48107.49609375, 2484.061767578125]
[10479.1123046875, 20641.025390625, 11883.19140625, 47846.375, 2483.864013671875]
[10314.380859375, 20223.064453125, 11707.0244140625, 47822.9765625, 2485.784912109375]
[10239.99609375, 20005.658203125, 11582.357421875, 47197.00390625, 2486.250732421875]
[10129.0361328125, 19733.126953125, 11444.5517578125, 46848.19140625, 2487.272216796875]
[10062.31640625, 19567.71484375, 11354.06640625, 46565.55078125, 2487.90478515625]
[10031.13671875, 19485.3359375, 11305.51171875, 46206.03125, 2488.105224609375]
[9923.6533203125, 19216.201171875, 11180.328125, 45928.23828125, 2489.3310546875]
[9894.85546875, 19092.447265625, 11090.4560546875, 45512.13671875, 2489.311767578125]
[9763.1572265625, 18792.857421875, 10977.0810546875, 45500.1640625, 2491.04638671875]
[9708.4912109375, 18599.54296875, 10865.375, 45208.78515625, 2491.42919921875]
[9664.646484375, 18495.435546875, 10816.64453125, 44872.703125, 2491.646240234375]
[9603.896484375, 18342.876953125, 10740.4404296875, 44676.1015625, 2491.97265625]
[9529.810546875, 18153.541015625, 10646.548828125, 44455.078125, 2492.36083984375]
[9371.9287109375, 17765.666015625, 10464.5732421875, 44349.12109375, 2493.9716796875]
[9376.9853515625, 17728.8203125, 10416.046875, 43828.390625, 2493.20556640625]
[9253.5751953125, 17477.55078125, 10330.931640625, 43949.34375, 2494.78173828125]
[9279.9873046875, 17520.015625, 10337.0751953125, 43430.16015625, 2494.560302734375]
[9259.009765625, 17454.34765625, 10299.5546875, 43069.83984375, 2494.834228515625]
[9179.9111328125, 17261.359375, 10211.09375, 42760.77734375, 2495.645263671875]
[9048.806640625, 16928.751953125, 10056.408203125, 42639.1953125, 2496.88330078125]
[8977.984375, 16771.583984375, 9991.048828125, 42385.56640625, 2497.518310546875]
[8952.548828125, 16681.908203125, 9935.650390625, 42134.9140625, 2497.418701171875]
[8849.0859375, 16445.400390625, 9833.029296875, 42150.48046875, 2498.669921875]
[8811.353515625, 16306.4423828125, 9742.7236328125, 41774.48828125, 2498.812255859375]
[8723.390625, 16084.06640625, 9625.583984375, 41532.93359375, 2499.9619140625]
[8652.875, 15915.580078125, 9544.0068359375, 41298.5859375, 2500.882080078125]
[8616.396484375, 15816.6923828125, 9482.6875, 40977.28125, 2501.177978515625]
[8486.1533203125, 15539.1982421875, 9364.595703125, 40995.390625, 2502.772705078125]
[8474.5732421875, 15478.7802734375, 9315.85546875, 40646.7578125, 2502.642578125]
[8379.7314453125, 15274.7744140625, 9223.462890625, 40563.765625, 2503.66845703125]
[8353.8291015625, 15190.2060546875, 9172.13671875, 40314.0546875, 2503.850341796875]
[8279.40625, 15008.1748046875, 9082.1611328125, 40110.35546875, 2504.775390625]
[8229.1875, 14866.8076171875, 9000.921875, 39949.8125, 2505.30029296875]
[8171.9921875, 14749.9609375, 8950.80859375, 39812.93359375, 2506.12158203125]
[8150.05029296875, 14689.0107421875, 8913.2275390625, 39526.25390625, 2506.334228515625]
[8045.54541015625, 14481.2685546875, 8826.4462890625, 39585.328125, 2507.7158203125]
[8039.4267578125, 14436.5322265625, 8790.3310546875, 39159.3046875, 2507.52587890625]
[7988.64599609375, 14296.6455078125, 8715.5615234375, 38854.1484375, 2507.89453125]
[7877.763671875, 14048.84375, 8602.560546875, 38729.97265625, 2509.19189453125]
[7820.78857421875, 13906.474609375, 8533.7890625, 38442.328125, 2509.63916015625]
[7756.8828125, 13769.5908203125, 8471.7236328125, 38224.59375, 2510.354736328125]
[7674.09521484375, 13592.2998046875, 8387.861328125, 37948.68359375, 2511.055908203125]
[7588.27490234375, 13398.349609375, 8290.537109375, 37782.6171875, 2512.065185546875]
[7568.3173828125, 13346.515625, 8258.048828125, 37489.625, 2512.0390625]
[7462.4013671875, 13140.056640625, 8165.2333984375, 37542.703125, 2513.281494140625]
[7502.25537109375, 13139.3154296875, 8124.017578125, 37364.1640625, 2512.09716796875]
[7459.77392578125, 13074.142578125, 8108.6806640625, 36900.01171875, 2512.824951171875]
[7375.84423828125, 12916.6337890625, 8048.8681640625, 36802.87890625, 2514.058349609375]
[7334.10400390625, 12816.33984375, 8002.01318359375, 36653.41015625, 2514.446044921875]
[7232.59375, 12586.91796875, 7894.767578125, 36645.4296875, 2515.539794921875]
[7197.74755859375, 12491.8310546875, 7847.95947265625, 36411.67578125, 2515.652587890625]
[7169.39013671875, 12419.17578125, 7811.76513671875, 36262.8125, 2515.7763671875]
[7083.66845703125, 12244.4990234375, 7736.8466796875, 36214.515625, 2516.663330078125]
[7044.396484375, 12130.8056640625, 7670.69189453125, 35948.89453125, 2516.716552734375]
[6909.609375, 11887.52734375, 7572.54931640625, 35965.69140625, 2518.6396484375]
[6912.517578125, 11882.697265625, 7560.3447265625, 35572.02734375, 2518.60009765625]
[6882.1259765625, 11818.1552734375, 7525.2314453125, 35305.30859375, 2519.045654296875]
[6843.55419921875, 11734.4794921875, 7481.19091796875, 35130.71484375, 2519.36083984375]
[6798.5146484375, 11638.791015625, 7436.8740234375, 34959.11328125, 2519.91455078125]
[6714.8544921875, 11473.3447265625, 7363.42138671875, 34790.59375, 2520.849609375]
[6665.60302734375, 11360.6376953125, 7309.205078125, 34679.40625, 2521.46875]
[6630.62548828125, 11280.1875, 7266.8271484375, 34492.37109375, 2521.855712890625]
[6500.47802734375, 11052.173828125, 7173.77490234375, 34681.80078125, 2523.5830078125]
[6536.65478515625, 11067.0927734375, 7152.0400390625, 34238.265625, 2522.912353515625]
[6514.26123046875, 11033.25390625, 7139.4375, 34038.40234375, 2523.315673828125]
[6458.26416015625, 10927.216796875, 7093.77001953125, 33872.4453125, 2523.957763671875]
[6412.93359375, 10832.583984375, 7046.56982421875, 33745.8359375, 2524.41015625]
[6324.6455078125, 10630.4560546875, 6940.64990234375, 33690.16015625, 2525.013671875]
[6277.31396484375, 10538.521484375, 6891.943359375, 33460.03515625, 2525.55517578125]
[6268.970703125, 10513.1435546875, 6872.34130859375, 33281.76953125, 2525.562255859375]
[6183.77490234375, 10357.619140625, 6802.2900390625, 33272.87109375, 2526.71630859375]
[6166.26953125, 10295.8857421875, 6757.001953125, 32997.23046875, 2526.571044921875]
[6101.14453125, 10171.666015625, 6699.78955078125, 32840.27734375, 2527.489990234375]
[6042.728515625, 10057.634765625, 6647.47119140625, 32746.55859375, 2528.4111328125]
[6035.564453125, 10036.869140625, 6633.71044921875, 32562.80078125, 2528.522705078125]
[5988.458984375, 9942.4677734375, 6586.712890625, 32408.759765625, 2529.281982421875]
[5935.06494140625, 9837.4580078125, 6530.53369140625, 32223.853515625, 2530.034423828125]
[5862.28955078125, 9704.9072265625, 6463.60498046875, 32138.083984375, 2531.07666015625]
[5835.99951171875, 9646.91015625, 6425.65234375, 31966.00390625, 2531.259765625]
[5698.708984375, 9442.1845703125, 6337.22216796875, 32229.607421875, 2533.110595703125]
[5741.8232421875, 9482.1396484375, 6340.240234375, 31709.966796875, 2532.169677734375]
[5722.9912109375, 9442.3291015625, 6319.6142578125, 31558.025390625, 2532.409912109375]
[5675.0478515625, 9358.1328125, 6279.76904296875, 31450.333984375, 2532.993408203125]
[5605.8037109375, 9238.6728515625, 6223.421875, 31306.521484375, 2534.064697265625]
[5528.68408203125, 9105.21875, 6154.2861328125, 31205.486328125, 2535.158203125]
[5495.87060546875, 9045.484375, 6124.23779296875, 31095.625, 2535.641357421875]
[5487.04443359375, 9020.0771484375, 6107.26513671875, 30958.8359375, 2535.66845703125]
[5404.76025390625, 8893.609375, 6046.21484375, 30914.517578125, 2536.81884765625]
[5375.208984375, 8823.4365234375, 6004.392578125, 30685.126953125, 2536.91455078125]
[5320.9365234375, 8743.5400390625, 5965.87109375, 30565.0703125, 2537.649169921875]
[5274.6435546875, 8673.1591796875, 5931.64404296875, 30427.55078125, 2538.20263671875]
[5233.07470703125, 8599.5048828125, 5894.4091796875, 30262.89453125, 2538.6376953125]
[5165.08447265625, 8486.6875, 5840.56640625, 30112.609375, 2539.3828125]
[5151.4501953125, 8438.0322265625, 5812.70703125, 29918.25390625, 2539.359619140625]
[5045.9853515625, 8279.65625, 5742.2373046875, 30001.6171875, 2540.594482421875]
[5067.77490234375, 8273.1552734375, 5732.32373046875, 29692.669921875, 2539.91162109375]
[5039.14208984375, 8225.2900390625, 5709.49072265625, 29583.5078125, 2540.31787109375]
[4987.7236328125, 8136.82080078125, 5669.52099609375, 29523.25, 2540.750244140625]
[4945.17333984375, 8059.447265625, 5633.2275390625, 29415.751953125, 2541.24560546875]
[4879.70751953125, 7920.64208984375, 5565.765625, 29232.048828125, 2541.6923828125]
[4827.689453125, 7833.50830078125, 5527.02734375, 29200.501953125, 2542.365234375]
[4851.30517578125, 7856.64599609375, 5531.55322265625, 29000.28515625, 2542.0029296875]
[4817.1982421875, 7806.1865234375, 5509.439453125, 28892.45703125, 2542.54443359375]
[4776.455078125, 7739.24365234375, 5479.326171875, 28775.697265625, 2542.988525390625]
[4712.08154296875, 7637.63818359375, 5434.28369140625, 28690.6640625, 2543.848388671875]
[4680.12890625, 7575.232421875, 5403.86279296875, 28553.05078125, 2544.01611328125]
[4654.20654296875, 7531.0634765625, 5383.52099609375, 28467.724609375, 2544.28759765625]
[4593.36083984375, 7433.66162109375, 5336.90283203125, 28282.859375, 2544.9521484375]
[4527.28955078125, 7310.29736328125, 5277.87109375, 28395.484375, 2545.90380859375]
[4520.9306640625, 7309.36376953125, 5275.5751953125, 28076.880859375, 2545.875]
[4509.814453125, 7292.99267578125, 5267.08837890625, 27994.462890625, 2545.983642578125]
[4489.484375, 7258.2998046875, 5248.8828125, 27900.330078125, 2546.18896484375]
[4414.2197265625, 7151.07080078125, 5200.05029296875, 27866.53515625, 2547.209716796875]
[4407.53564453125, 7102.70166015625, 5164.5654296875, 27852.625, 2546.999267578125]
[4355.22802734375, 7044.86083984375, 5143.98388671875, 27667.861328125, 2547.73583984375]
[4354.68701171875, 7041.9638671875, 5143.73486328125, 27520.119140625, 2547.7353515625]
[4349.3349609375, 7028.484375, 5136.412109375, 27422.091796875, 2547.729248046875]
[4308.00537109375, 6957.1875, 5100.072265625, 27303.794921875, 2548.15283203125]
[4250.04931640625, 6861.42529296875, 5051.16650390625, 27211.7578125, 2548.76513671875]
[4210.73388671875, 6796.73193359375, 5015.77685546875, 27124.140625, 2549.15087890625]
[4177.56884765625, 6745.01220703125, 4987.8984375, 27052.28515625, 2549.503173828125]
[4134.13525390625, 6679.1083984375, 4951.45458984375, 26924.259765625, 2549.925537109375]
[4071.4560546875, 6585.478515625, 4903.533203125, 26854.171875, 2550.533447265625]
[4083.11279296875, 6584.26513671875, 4896.87451171875, 26716.462890625, 2550.09033203125]
[4013.345703125, 6502.29931640625, 4862.1201171875, 26775.759765625, 2551.0556640625]
[4035.780517578125, 6522.68017578125, 4870.39111328125, 26552.2421875, 2550.72607421875]
[4034.742919921875, 6512.734375, 4864.56494140625, 26419.814453125, 2550.6884765625]
[4010.201416015625, 6468.58203125, 4841.4248046875, 26315.771484375, 2550.95703125]
[3947.722412109375, 6372.7294921875, 4793.16015625, 26190.8359375, 2551.774658203125]
[3842.7490234375, 6222.2509765625, 4718.064453125, 26305.564453125, 2553.197509765625]
[3853.160888671875, 6229.08837890625, 4718.9638671875, 26057.3671875, 2553.0537109375]
[3831.700439453125, 6199.52294921875, 4704.41796875, 26014.931640625, 2553.34033203125]
[3814.477783203125, 6169.24755859375, 4688.0634765625, 25931.5546875, 2553.48095703125]
[3748.003173828125, 6080.6357421875, 4646.24853515625, 25903.0234375, 2554.42626953125]
[3730.5283203125, 6043.859375, 4624.03662109375, 25738.693359375, 2554.51025390625]
[3701.302734375, 6001.87109375, 4602.0166015625, 25675.8046875, 2554.8916015625]
[3663.18310546875, 5944.833984375, 4571.0263671875, 25588.78125, 2555.4208984375]
[3608.168212890625, 5868.97509765625, 4528.634765625, 25562.703125, 2555.9560546875]
[3591.7314453125, 5843.4638671875, 4515.24658203125, 25414.990234375, 2556.211181640625]
[3574.093994140625, 5814.24609375, 4499.5419921875, 25303.427734375, 2556.35693359375]
[3536.076171875, 5765.4619140625, 4475.587890625, 25268.7265625, 2556.85693359375]
[3512.4638671875, 5710.638671875, 4442.69580078125, 25152.970703125, 2556.7880859375]
[3440.0400390625, 5630.72021484375, 4406.06005859375, 25164.03125, 2557.800537109375]
[3453.59228515625, 5637.748046875, 4406.76318359375, 24943.96484375, 2557.637451171875]
[3451.978271484375, 5626.4619140625, 4399.2890625, 24856.072265625, 2557.5791015625]
[3422.158935546875, 5580.287109375, 4375.1728515625, 24806.220703125, 2557.9892578125]
[3378.054443359375, 5511.24658203125, 4338.5087890625, 24712.173828125, 2558.54150390625]
[3319.04443359375, 5431.14013671875, 4299.30712890625, 24703.177734375, 2559.283203125]
[3301.34033203125, 5400.7666015625, 4281.2646484375, 24567.478515625, 2559.4013671875]
[3253.43359375, 5346.12158203125, 4255.50927734375, 24557.1640625, 2560.103271484375]
[3261.702880859375, 5346.79150390625, 4252.6240234375, 24403.01171875, 2559.84912109375]
[3241.52587890625, 5317.0009765625, 4236.7333984375, 24306.271484375, 2560.176025390625]
[3217.213623046875, 5278.2890625, 4216.60791015625, 24218.48828125, 2560.482666015625]
[3184.3408203125, 5231.921875, 4193.0068359375, 24145.880859375, 2560.989013671875]
[3136.3193359375, 5160.69140625, 4156.3779296875, 24050.412109375, 2561.538818359375]
[3115.97509765625, 5127.443359375, 4138.14794921875, 23972.6640625, 2561.9130859375]
[3095.279052734375, 5099.408203125, 4124.19873046875, 23923.748046875, 2562.160888671875]
[3083.970703125, 5077.34619140625, 4111.04541015625, 23834.943359375, 2562.175048828125]
[3034.602294921875, 5017.03515625, 4083.8583984375, 23863.005859375, 2562.921875]
[3026.947998046875, 4995.6181640625, 4069.957763671875, 23740.017578125, 2562.94384765625]
[3003.08203125, 4958.5390625, 4050.10546875, 23643.3828125, 2563.227783203125]
[2979.802001953125, 4924.61328125, 4032.558837890625, 23596.810546875, 2563.590087890625]
[2956.264404296875, 4892.2138671875, 4015.610107421875, 23517.77734375, 2563.916259765625]
[2908.915283203125, 4828.11767578125, 3981.676513671875, 23454.09765625, 2564.684814453125]
[2892.36767578125, 4804.28515625, 3968.399169921875, 23312.939453125, 2564.83642578125]
[2869.7958984375, 4776.80126953125, 3954.4677734375, 23241.970703125, 2565.129638671875]
[2865.643798828125, 4760.1591796875, 3941.624755859375, 23126.4375, 2565.057861328125]
[2793.85546875, 4677.51904296875, 3902.81591796875, 23165.462890625, 2566.1484375]
[2803.277099609375, 4679.8388671875, 3900.624755859375, 22994.66015625, 2565.886474609375]
[2783.47607421875, 4644.1826171875, 3880.109375, 22904.607421875, 2566.13671875]
[2753.865966796875, 4603.384765625, 3858.519287109375, 22852.642578125, 2566.478515625]
[2697.758056640625, 4530.0234375, 3821.354248046875, 22824.33984375, 2567.35888671875]
[2683.65966796875, 4508.65283203125, 3809.274169921875, 22745.869140625, 2567.435302734375]
[2655.60009765625, 4472.88818359375, 3791.0087890625, 22685.359375, 2567.854248046875]
[2640.8271484375, 4445.6396484375, 3773.83056640625, 22585.26171875, 2568.029296875]
[2607.005615234375, 4404.34619140625, 3753.107666015625, 22539.880859375, 2568.56103515625]
[2612.8232421875, 4400.5458984375, 3748.058837890625, 22429.619140625, 2568.358642578125]
[2591.1474609375, 4371.5771484375, 3732.303955078125, 22381.8515625, 2568.593017578125]
[2571.1015625, 4340.896484375, 3714.547607421875, 22299.669921875, 2568.75634765625]
[2529.41796875, 4282.5947265625, 3682.341552734375, 22263.091796875, 2569.177734375]
[2520.4580078125, 4266.33349609375, 3671.029541015625, 22169.9375, 2569.2294921875]
[2498.749755859375, 4238.0869140625, 3656.15966796875, 22142.052734375, 2569.576171875]
[2481.010498046875, 4211.18359375, 3640.07666015625, 22050.7734375, 2569.787109375]
[2428.712158203125, 4148.798828125, 3607.655517578125, 22036.44140625, 2570.59619140625]
[2428.682373046875, 4141.30126953125, 3602.07568359375, 21919.203125, 2570.47314453125]
[2410.588623046875, 4119.41015625, 3590.1865234375, 21863.08984375, 2570.690185546875]
[2403.368896484375, 4102.10986328125, 3579.010986328125, 21790.970703125, 2570.68212890625]
[2371.56005859375, 4063.769287109375, 3559.684814453125, 21764.44921875, 2571.2041015625]
[2357.35400390625, 4041.957275390625, 3546.85546875, 21684.19921875, 2571.430908203125]
[2335.84326171875, 4010.002685546875, 3529.219482421875, 21626.021484375, 2571.83349609375]
[2320.032958984375, 3984.55126953125, 3513.593505859375, 21540.759765625, 2572.024658203125]
[2290.4833984375, 3943.75537109375, 3491.03466796875, 21495.25390625, 2572.483642578125]
[2286.032470703125, 3930.145263671875, 3480.646728515625, 21404.052734375, 2572.403076171875]
[2255.4443359375, 3893.22216796875, 3461.63818359375, 21381.607421875, 2572.84130859375]
[2249.943603515625, 3881.73779296875, 3453.993408203125, 21276.26171875, 2572.884765625]
[2231.91943359375, 3857.529052734375, 3441.356689453125, 21196.1875, 2573.205322265625]
[2216.34130859375, 3833.77392578125, 3428.180908203125, 21123.265625, 2573.492431640625]
[2184.984619140625, 3793.823974609375, 3407.097900390625, 21089.576171875, 2574.13427734375]
[2171.389404296875, 3768.810791015625, 3391.527587890625, 21022.64453125, 2574.3251953125]
[2140.533203125, 3730.330078125, 3371.749755859375, 20991.66796875, 2574.826904296875]
[2129.203857421875, 3709.85888671875, 3358.431884765625, 20906.705078125, 2574.85107421875]
[2099.08740234375, 3672.34765625, 3339.247802734375, 20872.46875, 2575.348388671875]
[2091.728759765625, 3658.463623046875, 3330.1953125, 20774.66015625, 2575.330078125]
[2065.007080078125, 3624.197509765625, 3312.39404296875, 20725.45703125, 2575.836181640625]
[2055.134765625, 3608.984375, 3302.9091796875, 20640.564453125, 2576.052734375]
[2031.4285888671875, 3578.685791015625, 3286.223388671875, 20599.416015625, 2576.5126953125]
[2019.3779296875, 3557.281005859375, 3271.926513671875, 20521.3125, 2576.755859375]
[1991.155517578125, 3522.6181640625, 3252.599365234375, 20482.505859375, 2577.28125]
[1981.5225830078125, 3502.54345703125, 3238.4111328125, 20395.173828125, 2577.45068359375]
[1962.4510498046875, 3478.3154296875, 3225.03271484375, 20346.177734375, 2577.822265625]
[1953.2655029296875, 3463.841796875, 3216.06005859375, 20288.08984375, 2578.05224609375]
[1932.4947509765625, 3438.2255859375, 3202.2685546875, 20242.130859375, 2578.61083984375]
[1923.127197265625, 3420.96435546875, 3190.642333984375, 20169.994140625, 2578.78857421875]
[1889.3394775390625, 3384.6689453125, 3172.130859375, 20167.015625, 2579.65966796875]
[1892.0030517578125, 3384.91357421875, 3170.758056640625, 20083.349609375, 2579.55810546875]
[1882.720458984375, 3371.07373046875, 3161.931884765625, 20033.970703125, 2579.626220703125]
[1867.3568115234375, 3349.00390625, 3148.163818359375, 19982.10546875, 2579.892822265625]
[1835.203125, 3304.732421875, 3120.94775390625, 19922.896484375, 2580.483154296875]
[1811.299560546875, 3268.2197265625, 3098.458984375, 19874.19140625, 2580.96826171875]
[1804.4371337890625, 3256.61279296875, 3090.0908203125, 19811.41796875, 2581.1328125]
[1783.4871826171875, 3230.4658203125, 3074.93505859375, 19768.025390625, 2581.6171875]
[1784.9698486328125, 3224.9912109375, 3069.242919921875, 19688.873046875, 2581.455322265625]
[1764.063232421875, 3202.71728515625, 3057.5771484375, 19642.875, 2581.8740234375]
[1749.212158203125, 3185.391357421875, 3047.899658203125, 19579.13671875, 2582.01708984375]
[1734.1357421875, 3166.529052734375, 3037.270263671875, 19541.15234375, 2582.255126953125]
[1723.570068359375, 3148.5341796875, 3025.8798828125, 19474.8984375, 2582.34130859375]
[1693.5179443359375, 3110.568603515625, 3004.365478515625, 19463.3828125, 2582.977294921875]
[1691.0743408203125, 3101.089111328125, 2996.7802734375, 19390.41796875, 2582.981689453125]
[1674.1414794921875, 3076.857421875, 2981.838623046875, 19348.837890625, 2583.414306640625]
[1662.285888671875, 3057.93701171875, 2968.833984375, 19289.90625, 2583.5625]
[1643.97705078125, 3034.231689453125, 2954.473388671875, 19264.185546875, 2583.937255859375]
[1632.453369140625, 3018.54443359375, 2944.17724609375, 19214.083984375, 2584.094970703125]
[1609.1710205078125, 2990.432861328125, 2927.12255859375, 19161.259765625, 2584.445068359375]
[1592.3272705078125, 2963.158203125, 2908.44384765625, 19087.77734375, 2584.6875]
[1573.638916015625, 2942.006103515625, 2896.6181640625, 19048.9375, 2584.980712890625]
[1576.600341796875, 2940.126953125, 2893.3544921875, 18988.01171875, 2584.744384765625]
[1558.0965576171875, 2917.056396484375, 2880.68994140625, 18974.67578125, 2585.151123046875]
[1554.5782470703125, 2910.765625, 2876.352783203125, 18920.177734375, 2585.190185546875]
[1537.002685546875, 2886.283935546875, 2860.78564453125, 18860.392578125, 2585.429931640625]
[1527.00048828125, 2871.406005859375, 2850.4951171875, 18807.412109375, 2585.5546875]
[1510.6202392578125, 2850.146728515625, 2837.12841796875, 18776.431640625, 2585.86669921875]
[1496.3890380859375, 2830.5029296875, 2824.05224609375, 18723.267578125, 2586.119384765625]
[1472.849609375, 2800.33935546875, 2805.3955078125, 18685.302734375, 2586.6435546875]
[1468.52197265625, 2791.325927734375, 2798.344482421875, 18616.0078125, 2586.632080078125]
[1450.49609375, 2770.66259765625, 2786.481689453125, 18604.701171875, 2586.9267578125]
[1456.2230224609375, 2772.6103515625, 2786.06787109375, 18534.63671875, 2586.665283203125]
[1447.2041015625, 2762.274658203125, 2779.936279296875, 18487.00390625, 2586.7939453125]
[1425.03515625, 2736.740478515625, 2764.51708984375, 18426.0859375, 2587.05029296875]
[1413.1226806640625, 2722.3046875, 2754.74560546875, 18363.681640625, 2587.189697265625]
[1391.675048828125, 2693.92041015625, 2735.53466796875, 18307.701171875, 2587.395751953125]
[1379.9898681640625, 2680.19384765625, 2726.1865234375, 18270.95703125, 2587.619140625]
[1374.415771484375, 2671.36669921875, 2719.60986328125, 18231.13671875, 2587.70947265625]
[1344.57861328125, 2639.24755859375, 2698.4609375, 18212.962890625, 2588.328125]
[1340.927978515625, 2626.145751953125, 2688.8642578125, 18138.142578125, 2588.300048828125]
[1327.1982421875, 2610.5390625, 2679.041015625, 18104.66796875, 2588.63330078125]
[1317.08154296875, 2597.12255859375, 2670.646240234375, 18055.240234375, 2588.85791015625]
[1307.4234619140625, 2581.999755859375, 2661.224365234375, 18008.294921875, 2589.086669921875]
[1299.301025390625, 2568.843994140625, 2652.75439453125, 17949.662109375, 2589.251220703125]
[1288.07470703125, 2553.1923828125, 2642.921142578125, 17912.525390625, 2589.45751953125]
[1277.0775146484375, 2534.888916015625, 2630.772705078125, 17851.078125, 2589.61328125]
[1255.937744140625, 2509.595458984375, 2615.528076171875, 17839.8828125, 2590.000732421875]
[1260.6925048828125, 2509.038818359375, 2614.269287109375, 17775.0546875, 2589.782470703125]
Iteration: 505, loss: 26748.837891
[1250.534423828125, 2496.3369140625, 2606.155029296875, 17732.990234375, 2590.005859375]
[1243.5147705078125, 2486.43505859375, 2599.786865234375, 17694.634765625, 2590.18701171875]
[1231.648193359375, 2469.000244140625, 2588.322998046875, 17644.591796875, 2590.498779296875]
[1214.529296875, 2446.030517578125, 2573.642333984375, 17614.853515625, 2590.964111328125]
[1211.1741943359375, 2439.055419921875, 2568.19189453125, 17567.462890625, 2591.026611328125]
[1195.0030517578125, 2419.295166015625, 2555.99169921875, 17555.3046875, 2591.416015625]
[1189.0849609375, 2410.74169921875, 2549.920166015625, 17506.267578125, 2591.44921875]
[1173.1094970703125, 2390.885498046875, 2537.61962890625, 17478.9921875, 2591.76953125]
[1162.604736328125, 2376.484375, 2527.97265625, 17427.07421875, 2591.927734375]
[1146.5469970703125, 2354.47802734375, 2513.53955078125, 17381.775390625, 2592.26513671875]
[1137.143310546875, 2341.683837890625, 2504.64306640625, 17335.029296875, 2592.436279296875]
[1130.876708984375, 2332.085205078125, 2497.913818359375, 17287.8984375, 2592.605224609375]
[1116.1248779296875, 2314.362060546875, 2486.765869140625, 17258.365234375, 2592.917724609375]
[1114.88330078125, 2309.211181640625, 2482.41943359375, 17205.69140625, 2592.906005859375]
[1091.771240234375, 2283.769287109375, 2468.0322265625, 17206.41015625, 2593.49560546875]
[1092.8704833984375, 2280.905029296875, 2465.630859375, 17142.634765625, 2593.311279296875]
/usr/local/lib/python3.6/dist-packages/torchvision/transforms/transforms.py:220: UserWarning: The use of the transforms.Scale transform is deprecated, please use transforms.Resize instead.
  "please use transforms.Resize instead.")
HR iterations
[12137.7412109375, 4136296.5, 980322.25, 86839624.0, 1839.4102783203125]
[12137.7412109375, 4136296.5, 980322.25, 86839616.0, 1839.4102783203125]
[96110.8125, 45492180.0, 17133910.0, 1082799488.0, 4438.2724609375]
[9890.466796875, 5042192.5, 2431100.75, 104862448.0, 2792.813232421875]
[2794.126220703125, 685100.8125, 686316.25, 29117124.0, 2420.908203125]
[4238.69091796875, 473943.71875, 191404.265625, 16021076.0, 2235.5732421875]
[4864.3388671875, 680270.25, 204164.671875, 6207459.0, 2152.86474609375]
[4087.0771484375, 444860.34375, 192638.328125, 4465570.5, 2201.256103515625]
[3776.017578125, 364199.875, 188075.890625, 3392319.0, 2235.877197265625]
[3715.52197265625, 352294.03125, 168408.5625, 2252041.75, 2254.91943359375]
[3719.009033203125, 354951.75, 156411.34375, 1617499.375, 2262.088134765625]
[3788.539306640625, 376386.65625, 144200.140625, 1245112.5, 2259.61767578125]
[3703.0224609375, 357658.59375, 131596.21875, 970116.25, 2265.986572265625]
[3583.32470703125, 332469.4375, 114971.8359375, 841836.9375, 2278.849365234375]
[3503.29736328125, 312022.4375, 114114.9765625, 688339.25, 2276.42431640625]
[3431.711181640625, 294508.28125, 111207.671875, 604761.9375, 2275.5361328125]
[3323.034912109375, 269789.625, 104513.640625, 511650.09375, 2276.555908203125]
[3112.175048828125, 224286.296875, 93556.3984375, 474216.5, 2280.84326171875]
[3043.341064453125, 210692.953125, 88291.5703125, 387440.0625, 2285.049072265625]
[2959.345703125, 194296.234375, 82617.3828125, 351297.90625, 2289.237548828125]
[2820.6796875, 167703.96875, 75933.109375, 319088.625, 2293.70654296875]
[2546.45166015625, 120912.859375, 64969.328125, 284401.78125, 2294.719482421875]
[2426.35400390625, 104060.171875, 62610.296875, 258204.6875, 2294.055908203125]
[2427.24609375, 103878.5546875, 61655.5390625, 240553.46875, 2292.092041015625]
[2437.215576171875, 104703.96875, 60721.26953125, 227951.265625, 2288.581787109375]
[2394.316162109375, 98879.8125, 58660.40625, 218224.546875, 2288.998779296875]
[2387.230224609375, 96805.3671875, 55777.9765625, 196013.453125, 2283.2412109375]
[2291.414306640625, 84940.703125, 52008.05859375, 184057.4375, 2288.232666015625]
[2264.49853515625, 81941.6171875, 50707.3359375, 166028.71875, 2288.63427734375]
[2237.653076171875, 78815.2578125, 48874.18359375, 158009.078125, 2288.6181640625]
[2184.49951171875, 73417.4921875, 45941.796875, 148989.59375, 2288.807861328125]
[2110.73291015625, 65689.6875, 40354.703125, 145124.578125, 2288.74560546875]
[2078.559814453125, 63476.8046875, 39148.7890625, 132595.015625, 2287.637451171875]
[2089.83154296875, 63369.0625, 38840.671875, 126655.4296875, 2285.013671875]
[2048.809326171875, 60452.71484375, 37147.96484375, 121944.8203125, 2285.362060546875]
[2045.6483154296875, 58368.62890625, 35273.78125, 113898.9453125, 2283.86474609375]
[2017.81396484375, 54158.62109375, 31960.1484375, 106700.40625, 2283.527587890625]
[1985.615234375, 49770.39453125, 28744.001953125, 105797.078125, 2283.908935546875]
[1990.155517578125, 48358.9765625, 27596.490234375, 99023.421875, 2282.30078125]
[1976.9954833984375, 45468.84765625, 25645.6328125, 94880.2734375, 2281.011962890625]
[1990.99267578125, 43738.35546875, 24248.654296875, 90320.2265625, 2277.924560546875]
[1967.5767822265625, 40420.30859375, 22400.123046875, 87814.4921875, 2278.363037109375]
[1964.5999755859375, 39429.69140625, 21797.234375, 81914.7578125, 2278.462646484375]
[1960.66455078125, 36967.7578125, 20203.201171875, 74758.7890625, 2277.49755859375]
[1942.075927734375, 34137.14453125, 18768.0078125, 76341.6171875, 2280.126953125]
[1956.9019775390625, 34004.08203125, 18273.3203125, 69332.484375, 2277.10888671875]
[1952.65625, 32958.296875, 17715.94140625, 67433.15625, 2276.20849609375]
[1954.8760986328125, 31946.576171875, 16948.85546875, 64872.23828125, 2274.178466796875]
[1934.997314453125, 29048.462890625, 15709.6689453125, 63840.7734375, 2274.869140625]
[1923.119384765625, 27626.73046875, 15097.3564453125, 60685.5625, 2274.8681640625]
[1919.7900390625, 26593.212890625, 14553.7685546875, 59439.92578125, 2274.979248046875]
[1920.1688232421875, 26232.716796875, 14282.2685546875, 58162.0859375, 2274.98388671875]
[1911.196533203125, 24741.12109375, 13650.697265625, 56744.55078125, 2275.452392578125]
[1904.4149169921875, 23480.94921875, 12948.5263671875, 54201.4765625, 2275.760498046875]
[1900.13525390625, 22731.61328125, 12604.865234375, 52095.55859375, 2275.47119140625]
[1889.2279052734375, 21636.55859375, 12274.884765625, 51015.58984375, 2275.52001953125]
[1887.0687255859375, 21298.998046875, 12004.5419921875, 48877.68359375, 2274.609130859375]
[1872.59130859375, 19946.548828125, 11584.6142578125, 47209.79296875, 2275.138916015625]
[1864.068115234375, 19405.91015625, 11383.1630859375, 45280.45703125, 2274.99462890625]
[1862.193359375, 19166.537109375, 11271.0087890625, 44169.40234375, 2275.312744140625]
[1860.15478515625, 18820.3515625, 11097.99609375, 42897.28515625, 2275.215087890625]
[1851.85009765625, 17987.125, 10799.6142578125, 41615.66796875, 2275.49267578125]
[1847.2740478515625, 17278.6328125, 10333.5439453125, 40892.2265625, 2273.4658203125]
[1842.1456298828125, 16890.068359375, 10230.1376953125, 39341.015625, 2274.064453125]
[1841.38623046875, 16834.24609375, 10150.798828125, 38183.96875, 2273.998779296875]
[1833.4638671875, 16174.884765625, 9905.1181640625, 38019.36328125, 2274.384521484375]
[1832.111083984375, 15967.4853515625, 9719.71484375, 36918.5625, 2274.07763671875]
[1822.3387451171875, 15187.18359375, 9295.75, 35393.25, 2274.4482421875]
[1818.36572265625, 14813.3046875, 8945.5703125, 35253.9296875, 2273.404541015625]
[1814.2264404296875, 14661.4765625, 8952.462890625, 34130.37109375, 2273.94580078125]
[1808.61572265625, 14409.60546875, 8897.771484375, 33639.08984375, 2274.291259765625]
[1802.548828125, 14188.548828125, 8802.9873046875, 32742.751953125, 2274.07958984375]
[1789.55908203125, 13569.9248046875, 8550.80078125, 32281.40234375, 2274.2392578125]
[1786.144775390625, 13432.25, 8379.5810546875, 31190.2890625, 2273.400390625]
[1779.8331298828125, 13109.330078125, 8167.42333984375, 30399.880859375, 2273.4541015625]
[1771.4071044921875, 12646.6591796875, 7852.19873046875, 29755.91796875, 2273.61572265625]
[1767.5643310546875, 12478.48046875, 7726.6767578125, 29040.71875, 2273.712646484375]
[1757.1907958984375, 12045.2041015625, 7509.0556640625, 28649.5625, 2274.151611328125]
[1745.86181640625, 11592.9365234375, 7202.5068359375, 28106.97265625, 2273.2705078125]
[1736.0982666015625, 11249.5625, 7047.85302734375, 27517.5390625, 2273.6494140625]
[1737.557373046875, 11317.630859375, 7067.72412109375, 26837.806640625, 2273.22216796875]
[1729.830322265625, 11054.017578125, 6944.22412109375, 26346.53515625, 2273.305419921875]
[1723.472412109375, 10844.3828125, 6803.41259765625, 25644.162109375, 2273.1904296875]
[1708.8072509765625, 10365.1142578125, 6521.38037109375, 25334.5, 2273.51220703125]
[1700.98828125, 10125.4580078125, 6383.3896484375, 24773.259765625, 2273.353515625]
[1698.888427734375, 10065.56640625, 6328.79541015625, 24252.9453125, 2273.114990234375]
[1683.464599609375, 9620.453125, 6110.69677734375, 23952.98828125, 2273.32763671875]
[1678.702392578125, 9489.76171875, 6027.2958984375, 23297.087890625, 2272.950927734375]
[1667.4571533203125, 9176.9921875, 5865.8134765625, 22975.5, 2273.11181640625]
[1658.591796875, 8939.02734375, 5747.30419921875, 22562.4921875, 2273.234130859375]
[1648.33203125, 8660.384765625, 5585.05615234375, 22208.392578125, 2273.44189453125]
[1641.839599609375, 8503.4189453125, 5505.4609375, 21722.84765625, 2273.607666015625]
[1635.1240234375, 8342.3046875, 5425.39208984375, 21431.796875, 2273.849853515625]
[1628.780517578125, 8169.0283203125, 5317.173828125, 21014.296875, 2273.741943359375]
[1611.7772216796875, 7775.33935546875, 5143.85595703125, 20901.791015625, 2274.35595703125]
[1614.747314453125, 7800.9111328125, 5114.82763671875, 20470.607421875, 2273.5732421875]
[1608.342529296875, 7648.89990234375, 5043.326171875, 20154.400390625, 2273.651123046875]
[1601.27880859375, 7489.1904296875, 4975.873046875, 19936.314453125, 2273.917724609375]
[1593.0321044921875, 7308.86669921875, 4885.5302734375, 19596.458984375, 2273.94189453125]
[1586.0123291015625, 7147.828125, 4806.61767578125, 19231.265625, 2274.068603515625]
[1579.9281005859375, 7022.84033203125, 4742.05859375, 19071.328125, 2274.132568359375]
[1574.3319091796875, 6905.43115234375, 4675.18310546875, 18769.953125, 2274.069580078125]
[1559.5826416015625, 6620.99072265625, 4547.99169921875, 18530.826171875, 2274.4140625]
[1556.2178955078125, 6541.66455078125, 4489.291015625, 18083.99609375, 2274.19873046875]
[1550.3394775390625, 6434.37646484375, 4445.24951171875, 17939.736328125, 2274.44287109375]
[1547.5496826171875, 6367.22705078125, 4403.8017578125, 17611.78125, 2274.29931640625]
[1540.0487060546875, 6237.93310546875, 4346.3466796875, 17364.115234375, 2274.68115234375]
[1536.452880859375, 6169.68798828125, 4304.07373046875, 17009.517578125, 2274.612548828125]
[1528.0010986328125, 6011.65380859375, 4213.31005859375, 16739.44921875, 2274.4150390625]
[1520.8792724609375, 5883.96435546875, 4141.29736328125, 16554.5625, 2274.26953125]
[1517.96435546875, 5826.56494140625, 4103.9716796875, 16357.265625, 2274.0517578125]
[1503.5750732421875, 5599.13916015625, 3991.310546875, 16319.3623046875, 2274.1181640625]
[1504.96923828125, 5588.404296875, 3969.349853515625, 16042.7451171875, 2273.565185546875]
[1501.095458984375, 5530.42578125, 3941.663330078125, 15879.783203125, 2273.68701171875]
[1489.090576171875, 5359.0517578125, 3855.655517578125, 15625.908203125, 2274.117919921875]
[1488.19580078125, 5340.9521484375, 3842.661865234375, 15435.103515625, 2274.13671875]
[1482.9927978515625, 5256.64013671875, 3790.716552734375, 15166.927734375, 2274.1904296875]
[1474.8797607421875, 5129.8076171875, 3712.99267578125, 14827.84375, 2274.18115234375]
[1464.6776123046875, 4973.39013671875, 3617.805419921875, 14743.08203125, 2273.92724609375]
[1469.3465576171875, 5022.73583984375, 3633.794189453125, 14448.7666015625, 2273.67822265625]
[1464.9832763671875, 4973.45947265625, 3612.014404296875, 14383.3603515625, 2274.01171875]
[1462.3939208984375, 4933.22119140625, 3583.41064453125, 14261.693359375, 2274.0224609375]
[1454.5843505859375, 4820.04638671875, 3512.64697265625, 14126.5205078125, 2274.28662109375]
[1450.0501708984375, 4744.3408203125, 3461.3251953125, 13966.3974609375, 2274.416259765625]
[1440.1236572265625, 4600.85400390625, 3374.00634765625, 13822.8095703125, 2274.71728515625]
[1436.2550048828125, 4533.09765625, 3331.652099609375, 13682.3125, 2274.71142578125]
[1435.3089599609375, 4501.64208984375, 3308.911376953125, 13531.720703125, 2274.433349609375]
[1427.15283203125, 4397.03564453125, 3251.379150390625, 13483.7265625, 2274.532958984375]
[1428.307861328125, 4396.640625, 3242.505615234375, 13228.75390625, 2274.148193359375]
[1425.2191162109375, 4358.6064453125, 3216.349609375, 13028.09765625, 2274.2470703125]
[1419.184326171875, 4284.87890625, 3162.978271484375, 12830.3173828125, 2274.355712890625]
[1414.5360107421875, 4235.6640625, 3128.266845703125, 12678.4052734375, 2274.67578125]
[1411.220947265625, 4195.41748046875, 3099.73583984375, 12551.5986328125, 2274.75634765625]
[1402.4071044921875, 4080.110595703125, 3023.9072265625, 12358.1513671875, 2274.720703125]
[1393.6639404296875, 3966.72412109375, 2951.27880859375, 12328.7177734375, 2274.880859375]
[1395.6181640625, 3964.6767578125, 2948.855712890625, 12116.30078125, 2274.393798828125]
[1388.6572265625, 3877.067138671875, 2900.99951171875, 12106.5732421875, 2274.368896484375]
[1389.7325439453125, 3878.02685546875, 2898.712646484375, 11971.375, 2274.195068359375]
[1387.2166748046875, 3845.69775390625, 2877.8876953125, 11917.8876953125, 2274.240478515625]
[1382.3280029296875, 3791.138671875, 2846.27001953125, 11839.3271484375, 2274.345947265625]
[1375.5584716796875, 3714.692626953125, 2802.384521484375, 11710.7705078125, 2274.324951171875]
[1369.2982177734375, 3653.149169921875, 2771.145263671875, 11581.166015625, 2274.257568359375]
[1367.36474609375, 3628.700927734375, 2756.418701171875, 11438.8310546875, 2274.051025390625]
[1362.9107666015625, 3584.06591796875, 2731.704345703125, 11310.935546875, 2274.029296875]
[1359.9970703125, 3545.559326171875, 2707.323486328125, 11121.2138671875, 2273.930908203125]
[1348.845458984375, 3438.296875, 2649.31591796875, 11075.189453125, 2274.443603515625]
[1350.2562255859375, 3440.435302734375, 2647.467041015625, 10866.8466796875, 2274.19677734375]
[1346.3922119140625, 3397.232177734375, 2622.611572265625, 10803.4501953125, 2274.2314453125]
[1345.773681640625, 3380.974609375, 2611.00341796875, 10706.7373046875, 2274.113525390625]
[1340.2655029296875, 3327.7958984375, 2581.587158203125, 10649.125, 2274.11669921875]
[1333.18310546875, 3263.478759765625, 2544.197265625, 10570.177734375, 2274.051513671875]
[1331.010986328125, 3242.157470703125, 2528.0712890625, 10462.2294921875, 2273.85595703125]
[1326.001953125, 3197.215087890625, 2495.22509765625, 10342.685546875, 2273.791015625]
[1319.982421875, 3148.221923828125, 2461.964599609375, 10280.095703125, 2273.687744140625]
[1319.344970703125, 3138.218505859375, 2452.848876953125, 10162.2939453125, 2273.66748046875]
[1313.2257080078125, 3092.10595703125, 2426.1142578125, 10088.380859375, 2273.914306640625]
[1313.1688232421875, 3086.028564453125, 2421.48876953125, 9991.2890625, 2273.830078125]
[1307.914794921875, 3045.924560546875, 2398.432373046875, 9901.7578125, 2273.814453125]
[1302.72314453125, 3006.958984375, 2375.844970703125, 9802.7568359375, 2273.794921875]
[1300.3714599609375, 2985.62158203125, 2360.96240234375, 9716.5498046875, 2273.676025390625]
[1296.830810546875, 2958.136962890625, 2342.46875, 9623.88671875, 2273.663330078125]
[1291.7652587890625, 2918.0498046875, 2314.974853515625, 9512.5888671875, 2273.7197265625]
[1288.285400390625, 2891.58203125, 2295.88427734375, 9399.81640625, 2273.77490234375]
[1283.363525390625, 2860.453125, 2276.396728515625, 9367.2080078125, 2273.936279296875]
[1283.1055908203125, 2854.208740234375, 2268.846435546875, 9287.1337890625, 2273.89404296875]
[1277.1263427734375, 2821.205078125, 2247.978515625, 9208.837890625, 2274.0908203125]
[1272.249267578125, 2789.36767578125, 2221.76220703125, 9101.6787109375, 2273.99609375]
[1268.649169921875, 2766.347900390625, 2203.89208984375, 9014.404296875, 2273.997802734375]
[1263.6546630859375, 2736.36572265625, 2182.39208984375, 8943.3994140625, 2273.982421875]
[1256.701171875, 2694.814697265625, 2153.798828125, 8839.75390625, 2273.906005859375]
[1250.680419921875, 2661.0517578125, 2132.017578125, 8770.1435546875, 2273.8505859375]
[1249.922607421875, 2654.34765625, 2127.412109375, 8703.8623046875, 2273.730224609375]
[1242.7091064453125, 2622.957763671875, 2109.71142578125, 8691.5439453125, 2273.8505859375]
[1245.0594482421875, 2629.144775390625, 2110.630615234375, 8590.9140625, 2273.60546875]
[1244.01611328125, 2622.5400390625, 2104.184326171875, 8523.1259765625, 2273.544921875]
[1238.656005859375, 2592.92431640625, 2081.73486328125, 8444.3017578125, 2273.435791015625]
[1230.6778564453125, 2552.674072265625, 2053.02001953125, 8406.0595703125, 2273.46337890625]
[1227.115966796875, 2533.739013671875, 2039.8792724609375, 8352.5673828125, 2273.406982421875]
[1222.8763427734375, 2509.18310546875, 2022.024169921875, 8265.857421875, 2273.234375]
[1216.650390625, 2479.468994140625, 2000.51123046875, 8203.044921875, 2273.147705078125]
[1209.701171875, 2445.419677734375, 1973.713134765625, 8101.96484375, 2272.892578125]
[1204.2799072265625, 2420.684326171875, 1953.429443359375, 8044.77294921875, 2272.80224609375]
[1200.1851806640625, 2405.6240234375, 1941.538330078125, 7982.0537109375, 2272.78173828125]
[1198.3369140625, 2394.728271484375, 1931.8328857421875, 7899.88916015625, 2272.630615234375]
[1189.7261962890625, 2362.3837890625, 1908.9283447265625, 7878.05224609375, 2272.666748046875]
[1187.7991943359375, 2351.188232421875, 1900.864990234375, 7807.3779296875, 2272.602783203125]
[1182.86474609375, 2325.55859375, 1882.692138671875, 7765.52734375, 2272.483154296875]
[1177.9591064453125, 2304.56201171875, 1867.022216796875, 7712.3154296875, 2272.439453125]
[1169.5762939453125, 2266.478515625, 1838.747314453125, 7653.66943359375, 2272.290283203125]
[1162.2899169921875, 2240.124267578125, 1819.955810546875, 7603.74169921875, 2272.3203125]
[1158.8980712890625, 2221.208251953125, 1805.43017578125, 7539.36669921875, 2272.11572265625]
[1149.27001953125, 2188.585205078125, 1784.356689453125, 7537.7939453125, 2272.16162109375]
[1151.771240234375, 2194.55517578125, 1787.9468994140625, 7449.60791015625, 2272.078369140625]
[1150.3131103515625, 2186.733642578125, 1782.3870849609375, 7393.37939453125, 2271.999267578125]
[1144.7568359375, 2163.322509765625, 1765.837158203125, 7340.27880859375, 2271.927490234375]
[1134.3739013671875, 2124.3896484375, 1738.1102294921875, 7280.55859375, 2271.896240234375]
[1127.5635986328125, 2099.0107421875, 1718.3133544921875, 7222.8583984375, 2271.937255859375]
[1123.72216796875, 2084.970458984375, 1706.892578125, 7175.40478515625, 2271.93017578125]
[1117.715087890625, 2064.4765625, 1691.0205078125, 7136.6845703125, 2271.9140625]
[1113.5921630859375, 2048.149169921875, 1678.387451171875, 7077.060546875, 2271.780517578125]
[1108.15234375, 2029.4969482421875, 1664.369384765625, 7026.51416015625, 2271.73046875]
[1104.36767578125, 2015.045166015625, 1653.47314453125, 6976.08740234375, 2271.65869140625]
[1099.578369140625, 1999.126220703125, 1641.760986328125, 6926.064453125, 2271.6826171875]
[1095.13720703125, 1983.0072021484375, 1628.1519775390625, 6864.576171875, 2271.662353515625]
[1082.4110107421875, 1949.7965087890625, 1605.327880859375, 6885.35009765625, 2271.880859375]
[1087.4256591796875, 1958.88818359375, 1610.321044921875, 6799.05712890625, 2271.726806640625]
[1086.3800048828125, 1956.523193359375, 1608.8233642578125, 6761.46337890625, 2271.681884765625]
[1081.001953125, 1940.98828125, 1598.76611328125, 6726.50146484375, 2271.597412109375]
[1074.1468505859375, 1920.3631591796875, 1585.7720947265625, 6690.6787109375, 2271.490478515625]
[1064.732421875, 1888.342041015625, 1566.5313720703125, 6632.29931640625, 2271.27880859375]
[1059.041259765625, 1869.7467041015625, 1554.7135009765625, 6580.62841796875, 2271.25634765625]
[1056.3223876953125, 1860.096923828125, 1548.2611083984375, 6558.166015625, 2271.2900390625]
[1052.337158203125, 1847.80859375, 1540.0552978515625, 6520.505859375, 2271.38525390625]
[1043.4156494140625, 1822.2491455078125, 1523.286865234375, 6466.51123046875, 2271.489501953125]
[1039.50537109375, 1809.2763671875, 1514.8363037109375, 6415.53076171875, 2271.542236328125]
[1030.97412109375, 1789.3809814453125, 1503.4759521484375, 6406.24462890625, 2271.600341796875]
[1031.350341796875, 1787.267578125, 1501.7344970703125, 6348.6259765625, 2271.390625]
[1029.043701171875, 1781.2845458984375, 1498.308837890625, 6309.1845703125, 2271.3984375]
[1022.9151000976562, 1764.4190673828125, 1488.353759765625, 6258.798828125, 2271.43115234375]
[1017.140625, 1748.274658203125, 1478.2952880859375, 6224.4052734375, 2271.48388671875]
