
[1868349.875, 17457222.0, 9615529.0, 326647392.0, 0.0]
[1868349.875, 17457222.0, 9615527.0, 326647328.0, 2.6905214167705083e-10]
[1868332.875, 17456312.0, 9612717.0, 326430688.0, 0.00043787367758341134]
[1857685.75, 16932040.0, 7978796.0, 228836880.0, 125.49472045898438]
[1835889.375, 16109664.0, 5825606.5, 144807664.0, 453.0752258300781]
[1806598.0, 15261872.0, 4253706.5, 97459856.0, 722.4711303710938]
[1761415.875, 14394150.0, 3145176.25, 67974456.0, 1080.481201171875]
[1713197.5, 13942240.0, 2478653.5, 51593756.0, 1318.4808349609375]
[1689004.5, 13739470.0, 2324204.0, 41696532.0, 1404.86083984375]
[1663924.125, 13400506.0, 2145449.75, 35435312.0, 1464.8499755859375]
[1593469.875, 12526193.0, 1754935.375, 24624496.0, 1592.5635986328125]
[1522206.0, 11661982.0, 1509458.5, 18822160.0, 1687.9508056640625]
[1463969.75, 10939662.0, 1308175.125, 15762210.0, 1734.3165283203125]
[1452734.875, 10614004.0, 1245362.0, 13538727.0, 1728.30078125]
[1411441.0, 9960533.0, 1122920.875, 11602998.0, 1745.2518310546875]
[1348753.625, 9137393.0, 974298.1875, 9734598.0, 1769.3524169921875]
[1264931.375, 8297395.5, 866444.5625, 8831059.0, 1832.056640625]
[1236471.625, 7926519.5, 803813.9375, 7292887.5, 1843.11767578125]
[1205215.75, 7581154.5, 751996.0, 6578544.0, 1868.861328125]
[1127318.375, 6824052.0, 658698.5, 5501866.0, 1930.8172607421875]
[1024008.8125, 5954298.0, 563948.4375, 7124402.5, 2000.8302001953125]
[1049382.5, 6059982.5, 564413.0625, 4530329.0, 1994.658203125]
[1018165.375, 5845512.5, 550927.75, 4227465.0, 2018.603759765625]
[972002.5625, 5473157.5, 517601.0625, 3963941.5, 2044.9404296875]
[889440.5, 4823787.0, 459007.9375, 3576510.25, 2086.63818359375]
[796746.0625, 4033314.5, 383940.65625, 3860846.0, 2101.051513671875]
[766450.8125, 3834140.5, 369183.90625, 2968221.0, 2119.791259765625]
[757294.75, 3749018.0, 356933.09375, 2784587.75, 2125.839111328125]
[700347.9375, 3366495.0, 325787.28125, 2585602.0, 2159.42919921875]
[646662.25, 2947846.75, 283685.15625, 2314719.25, 2178.851806640625]
[602861.5, 2705105.75, 272070.09375, 2534185.5, 2198.0498046875]
[628972.8125, 2825754.5, 272163.5, 2041653.125, 2195.449462890625]
[611098.3125, 2731713.25, 269399.34375, 1932414.375, 2214.556640625]
[569767.5625, 2497803.25, 257628.78125, 1776029.5, 2257.71923828125]
[511423.59375, 2173001.0, 235949.0625, 1664220.5, 2308.00390625]
[499576.0625, 2072215.375, 220720.1875, 1377130.75, 2315.6962890625]
[467229.6875, 1889324.875, 207082.859375, 1281982.75, 2334.697021484375]
[423307.75, 1658152.125, 189523.890625, 1280348.625, 2360.251708984375]
[404361.3125, 1536141.0, 173896.0625, 1162819.125, 2361.9345703125]
[370730.8125, 1387705.125, 168886.84375, 1163039.0, 2374.107421875]
[367608.1875, 1358370.125, 162525.640625, 1040829.9375, 2374.61083984375]
[341713.8125, 1241493.375, 157917.203125, 1002442.875, 2387.182861328125]
[330500.65625, 1176948.625, 148908.203125, 901207.9375, 2385.244140625]
[319297.78125, 1119519.25, 141692.78125, 833287.5, 2385.388671875]
[297830.5, 1019258.1875, 129668.015625, 790613.4375, 2386.779541015625]
[293792.28125, 987552.0, 118872.2109375, 751168.6875, 2392.781005859375]
[272724.0625, 910162.9375, 116330.5078125, 731414.875, 2403.302001953125]
[269747.0, 896926.0, 114313.46875, 659600.5625, 2415.116455078125]
[257273.5, 850427.9375, 112397.28125, 607206.0, 2436.2333984375]
[240377.65625, 785450.1875, 107649.5546875, 547902.0625, 2461.408203125]
[232986.0, 753201.0625, 102226.8203125, 499060.875, 2468.468994140625]
[222790.59375, 714134.0625, 97590.1796875, 474356.40625, 2478.1171875]
[217909.90625, 687480.125, 89946.9375, 436265.625, 2484.358642578125]
[198230.984375, 624312.5, 89801.8984375, 523806.40625, 2499.116455078125]
[204859.328125, 641844.625, 88114.2890625, 391998.46875, 2497.38037109375]
[200870.65625, 627296.375, 86977.296875, 373748.09375, 2502.038818359375]
[187513.125, 581669.875, 84459.8671875, 366727.21875, 2513.477783203125]
[180653.875, 557161.75, 81310.5078125, 337442.5, 2518.208740234375]
[172800.890625, 528874.375, 76782.140625, 318176.5, 2526.921630859375]
[170118.0, 518507.75, 74588.0546875, 296089.84375, 2528.887939453125]
[159714.921875, 487691.65625, 74220.703125, 318103.78125, 2537.06494140625]
[157625.875, 477371.4375, 70017.8828125, 277109.875, 2540.26513671875]
[153207.859375, 461770.1875, 67375.1484375, 251684.453125, 2546.201416015625]
[146981.21875, 441676.53125, 64467.59765625, 249234.90625, 2549.279296875]
[145037.125, 431145.4375, 59324.43359375, 244773.1875, 2548.9208984375]
[143013.34375, 425239.0625, 58503.80859375, 229861.515625, 2550.301025390625]
[140627.09375, 418197.375, 57533.66015625, 223475.40625, 2552.606201171875]
[138664.640625, 412008.1875, 55901.5546875, 211234.984375, 2555.743896484375]
[131695.21875, 392875.5625, 54821.15234375, 229208.078125, 2562.78564453125]
[133871.046875, 397109.9375, 53273.515625, 192078.1875, 2561.686279296875]
[132145.171875, 390878.5625, 51469.3203125, 184597.625, 2562.138671875]
[127346.8125, 374761.8125, 48028.8984375, 179029.3125, 2565.2568359375]
[123096.1015625, 360282.0, 45017.73046875, 170901.515625, 2568.221923828125]
[119175.046875, 346473.625, 42445.62890625, 169081.328125, 2573.575927734375]
[117208.2265625, 339915.28125, 41398.00390625, 156521.296875, 2574.70458984375]
[115177.9140625, 332676.5625, 40023.3046875, 149222.203125, 2576.93896484375]
[109789.1015625, 316836.34375, 39547.93359375, 174005.015625, 2580.419677734375]
[109896.2578125, 314199.34375, 37143.68359375, 146431.609375, 2582.638671875]
[108784.5, 310069.40625, 36024.48828125, 139466.578125, 2584.140869140625]
[106197.40625, 301519.28125, 35130.14453125, 138329.4375, 2585.829345703125]
[101912.078125, 287462.3125, 33801.234375, 142287.90625, 2588.678955078125]
[102291.5078125, 287538.65625, 32982.0625, 129990.25, 2588.920654296875]
[100078.4375, 279424.6875, 31868.853515625, 123714.96875, 2592.013916015625]
[96697.53125, 267793.8125, 30933.830078125, 124238.03125, 2595.60546875]
[94961.2109375, 260891.234375, 30110.916015625, 120736.46875, 2599.288818359375]
[93862.6015625, 256680.84375, 29575.615234375, 115160.9921875, 2600.5419921875]
[91684.4453125, 249263.921875, 29123.875, 115093.0234375, 2602.716064453125]
[90357.0859375, 242011.203125, 27137.3125, 119780.78125, 2606.171630859375]
[87864.515625, 234462.484375, 27302.25390625, 112373.9453125, 2608.18603515625]
[88330.5234375, 235726.5625, 27028.9921875, 102606.1640625, 2607.746337890625]
[86719.9296875, 230230.9375, 26609.03125, 100677.765625, 2609.3125]
[84898.1953125, 223258.171875, 25710.44140625, 98790.6640625, 2611.0615234375]
[81832.6015625, 212215.984375, 24641.548828125, 97749.328125, 2615.353271484375]
[80534.5625, 205907.296875, 23310.42578125, 93795.6015625, 2617.04296875]
[76066.2265625, 191591.703125, 23342.08203125, 115805.9140625, 2619.740478515625]
[77963.53125, 196520.90625, 22384.609375, 92360.3828125, 2619.13134765625]
[77479.859375, 194707.5, 22300.486328125, 88166.171875, 2619.97314453125]
[76074.7890625, 189837.140625, 22046.365234375, 88670.421875, 2621.069580078125]
[74034.453125, 183210.625, 21787.396484375, 89780.3203125, 2622.359130859375]
[72125.8671875, 177312.4375, 21405.9375, 84832.9375, 2624.191650390625]
[69449.125, 169170.609375, 20701.669921875, 83469.1640625, 2624.808837890625]
[68287.34375, 165668.0, 20414.013671875, 78481.21875, 2626.4013671875]
[67482.90625, 162739.46875, 20061.138671875, 77134.015625, 2626.5166015625]
[63901.71875, 151714.34375, 19741.779296875, 86016.8125, 2626.004638671875]
[63283.98828125, 146384.203125, 17950.638671875, 87509.4375, 2624.182373046875]
[62763.90234375, 145663.765625, 18248.33203125, 76913.765625, 2624.884033203125]
[62031.8671875, 143748.0, 18343.78125, 74434.4765625, 2625.27880859375]
[61107.4140625, 140858.671875, 18145.423828125, 71094.234375, 2625.802734375]
[59239.03125, 135050.234375, 17871.568359375, 71349.8828125, 2626.51171875]
[58461.81640625, 132049.5625, 17291.263671875, 67426.3125, 2626.471923828125]
[55583.2265625, 123567.046875, 16873.38671875, 72899.5078125, 2625.221923828125]
[54508.30859375, 119452.6640625, 15840.4931640625, 71353.4375, 2626.33935546875]
[53506.34765625, 116893.8828125, 15840.287109375, 68849.2109375, 2625.582763671875]
[52577.66015625, 114605.0625, 15802.56640625, 67573.375, 2625.58837890625]
[51472.88671875, 111805.1640625, 15693.2958984375, 65852.359375, 2626.08447265625]
[49348.125, 106467.484375, 15494.4794921875, 64990.9140625, 2627.29345703125]
[48927.84765625, 104843.4921875, 15061.1142578125, 60826.45703125, 2628.28955078125]
[45579.59765625, 97004.875, 15333.669921875, 73818.7734375, 2628.66064453125]
[47199.64453125, 100146.8671875, 14775.3505859375, 58438.265625, 2628.384521484375]
[46569.24609375, 98408.890625, 14602.9716796875, 58222.0859375, 2628.449951171875]
[43784.2265625, 91515.171875, 14301.4833984375, 62005.921875, 2629.416259765625]
[43328.203125, 89724.6875, 13774.640625, 59574.12890625, 2629.727294921875]
[42629.01171875, 88043.3046875, 13594.130859375, 55838.05859375, 2630.0048828125]
[40593.4921875, 83489.734375, 13449.6025390625, 57390.66796875, 2630.4697265625]
[40498.0390625, 82984.828125, 13113.0205078125, 54382.08984375, 2631.483642578125]
[39537.2734375, 80758.2578125, 13017.740234375, 53078.37890625, 2630.778076171875]
[38233.83984375, 77795.21875, 12897.384765625, 53607.71875, 2630.248046875]
[38001.71484375, 76989.640625, 12665.9736328125, 51265.53515625, 2629.594482421875]
[36744.88671875, 74133.2890625, 12426.046875, 50059.5859375, 2630.08056640625]
[35332.91015625, 71293.2578125, 12280.4951171875, 50075.54296875, 2631.169921875]
[34609.78515625, 69628.921875, 11993.970703125, 49107.4296875, 2631.81494140625]
[33110.9765625, 66876.5234375, 11961.42578125, 50167.13671875, 2632.739013671875]
[32142.494140625, 65060.546875, 11799.724609375, 48741.1328125, 2634.510986328125]
[30846.19140625, 62859.96875, 11779.796875, 48654.5703125, 2635.464111328125]
[30694.4921875, 62295.55078125, 11536.46484375, 46678.40234375, 2636.323486328125]
[29362.884765625, 60128.609375, 11528.990234375, 46772.79296875, 2637.699951171875]
[28286.396484375, 58283.4296875, 11409.9521484375, 46258.97265625, 2638.940185546875]
[27766.671875, 57042.0703125, 11147.0810546875, 44921.3046875, 2638.647216796875]
[26924.66796875, 55485.3828125, 10961.138671875, 44369.04296875, 2639.3896484375]
[26419.861328125, 54340.93359375, 10722.470703125, 43395.34375, 2639.7607421875]
[24283.591796875, 51402.57421875, 10754.39453125, 48717.27734375, 2640.884033203125]
[25290.251953125, 52337.58984375, 10455.0830078125, 42297.546875, 2641.065185546875]
[25043.462890625, 51932.421875, 10443.7060546875, 40983.24609375, 2641.477294921875]
[24625.576171875, 51284.4765625, 10397.1865234375, 40402.9296875, 2641.6806640625]
[23548.84375, 49618.5703125, 10277.1455078125, 40799.08984375, 2642.14697265625]
[23549.892578125, 49390.83203125, 10117.25390625, 39254.5625, 2641.770751953125]
[23274.0078125, 48753.95703125, 9944.8984375, 37988.83203125, 2641.712890625]
[22337.62890625, 47181.515625, 9722.8095703125, 37652.5859375, 2642.220703125]
[21949.849609375, 46384.61328125, 9513.712890625, 36783.33203125, 2642.288330078125]
[21216.015625, 45315.03125, 9406.0517578125, 36465.33203125, 2643.050537109375]
[20613.96875, 44343.484375, 9225.376953125, 35412.01953125, 2644.01220703125]
[19488.486328125, 42895.5859375, 9152.564453125, 37068.76953125, 2644.729248046875]
[19863.87109375, 43204.796875, 9046.2265625, 34144.09375, 2644.599365234375]
[19606.3203125, 42756.59375, 8973.083984375, 33366.85546875, 2644.529052734375]
[19120.853515625, 42025.91015625, 8878.9765625, 33143.04296875, 2644.853515625]
[17952.626953125, 40404.6953125, 8718.98828125, 33212.359375, 2646.281005859375]
[17710.71484375, 39874.125, 8551.583984375, 32679.16015625, 2647.31982421875]
[17538.353515625, 39605.98828125, 8497.8994140625, 31488.48828125, 2647.74169921875]
[16962.814453125, 38882.34375, 8431.7333984375, 31614.39453125, 2648.763916015625]
[16821.60546875, 38598.15234375, 8325.875, 30779.302734375, 2649.224365234375]
[16163.900390625, 37628.06640625, 8154.8291015625, 30755.998046875, 2650.296875]
[15784.0029296875, 36991.91796875, 7985.857421875, 30368.94140625, 2650.905517578125]
[15741.51953125, 36754.515625, 7877.50634765625, 29728.513671875, 2650.865234375]
[15337.41796875, 36089.92578125, 7752.86669921875, 29616.7109375, 2651.413330078125]
[15145.1865234375, 35627.3515625, 7603.3037109375, 28894.21484375, 2651.9052734375]
[14566.0888671875, 34811.171875, 7500.4814453125, 29215.486328125, 2653.02392578125]
[14461.6435546875, 34670.234375, 7469.83056640625, 28195.484375, 2653.759033203125]
[14112.234375, 34162.54296875, 7380.783203125, 27784.02734375, 2655.10205078125]
[13867.9736328125, 33691.4375, 7255.9443359375, 27315.71875, 2655.906005859375]
[12555.255859375, 31849.087890625, 7036.67236328125, 32581.283203125, 2659.5634765625]
[13412.638671875, 32747.53125, 7009.97265625, 26678.0078125, 2657.14453125]
[13286.40234375, 32528.115234375, 6967.078125, 26291.1484375, 2657.079833984375]
[13059.75390625, 32097.376953125, 6875.09326171875, 26219.294921875, 2657.49169921875]
[12509.31640625, 31116.2109375, 6680.77880859375, 26331.998046875, 2658.919189453125]
[12322.4697265625, 30724.607421875, 6569.86865234375, 25561.462890625, 2659.323974609375]
[12165.732421875, 30386.439453125, 6459.27197265625, 24705.46875, 2659.885498046875]
[11741.740234375, 29675.1328125, 6324.49072265625, 24791.154296875, 2660.880615234375]
[11329.560546875, 28988.15625, 6181.37060546875, 24669.447265625, 2662.09521484375]
[11236.470703125, 28712.470703125, 6093.529296875, 24227.599609375, 2662.026611328125]
[10867.1591796875, 28008.4140625, 5968.064453125, 24594.28125, 2662.85205078125]
[10837.3671875, 27748.6484375, 5866.5107421875, 23902.611328125, 2662.842041015625]
[10683.3955078125, 27324.546875, 5761.76171875, 23474.349609375, 2663.534423828125]
[10425.998046875, 26718.734375, 5635.4619140625, 23442.572265625, 2664.55712890625]
[10274.408203125, 26251.4375, 5516.46923828125, 22886.890625, 2665.21923828125]
[9705.97265625, 24963.486328125, 5310.044921875, 23818.3203125, 2667.258056640625]
[9870.826171875, 25109.25390625, 5271.447265625, 22450.5546875, 2666.6240234375]
[9696.974609375, 24787.443359375, 5224.49609375, 22153.5546875, 2667.135009765625]
[9557.4921875, 24469.466796875, 5176.6865234375, 21991.048828125, 2667.4765625]
[9360.8583984375, 23952.470703125, 5085.75732421875, 21814.708984375, 2667.91748046875]
[9256.9072265625, 23617.77734375, 5011.07861328125, 21466.2109375, 2668.1748046875]
[9012.7578125, 22903.734375, 4870.53369140625, 21539.642578125, 2669.061279296875]
[8988.115234375, 22737.365234375, 4816.99951171875, 21019.04296875, 2669.161376953125]
[8814.544921875, 22277.37109375, 4745.59130859375, 21169.58984375, 2669.912109375]
[8714.904296875, 21880.447265625, 4646.181640625, 20808.873046875, 2670.48193359375]
[8418.806640625, 21106.03515625, 4538.69873046875, 21159.931640625, 2671.2744140625]
[8429.1689453125, 21090.212890625, 4515.1181640625, 20267.734375, 2671.2509765625]
[8329.650390625, 20813.6953125, 4465.51025390625, 20074.8671875, 2671.698486328125]
[8267.755859375, 20559.078125, 4408.3984375, 19875.740234375, 2671.80517578125]
[8117.40869140625, 20029.6484375, 4314.64697265625, 19793.7421875, 2672.545654296875]
[8044.01123046875, 19670.6015625, 4238.453125, 19534.224609375, 2672.92431640625]
[7931.93212890625, 19249.37890625, 4175.55029296875, 19431.708984375, 2673.649658203125]
[7973.63671875, 19191.1015625, 4132.99755859375, 19128.775390625, 2673.8046875]
[7789.6533203125, 18691.068359375, 4087.85400390625, 19111.173828125, 2674.679443359375]
[7766.76513671875, 18634.11328125, 4077.65234375, 18649.240234375, 2674.687255859375]
[7674.3408203125, 18341.0234375, 4034.170166015625, 18437.744140625, 2675.049560546875]
[7562.19287109375, 17914.345703125, 3960.7470703125, 18186.67578125, 2675.341552734375]
[7330.02880859375, 17169.216796875, 3867.279541015625, 18315.322265625, 2676.394775390625]
[7343.95263671875, 17056.87109375, 3809.7978515625, 17920.033203125, 2676.180419921875]
[7209.732421875, 16577.943359375, 3752.720458984375, 17929.953125, 2676.865966796875]
[7129.56103515625, 16332.4814453125, 3723.0400390625, 17692.720703125, 2677.261962890625]
[7065.708984375, 16131.73828125, 3687.632080078125, 17395.47265625, 2677.529296875]
[6962.49951171875, 15826.525390625, 3640.98681640625, 17159.900390625, 2677.975341796875]
[6773.15966796875, 15303.0263671875, 3574.1767578125, 17221.126953125, 2679.04150390625]
[6794.0556640625, 15302.15234375, 3541.091552734375, 16762.150390625, 2678.894287109375]
[6682.41455078125, 14925.703125, 3497.201171875, 16727.80078125, 2679.507568359375]
[6629.029296875, 14732.5234375, 3466.052734375, 16489.37890625, 2679.84130859375]
[6555.15771484375, 14442.4345703125, 3409.8056640625, 16231.3232421875, 2680.088623046875]
[6476.33349609375, 14215.4306640625, 3364.23779296875, 16041.0859375, 2680.41650390625]
[6359.837890625, 13891.4404296875, 3317.060546875, 16042.5830078125, 2680.908203125]
[6293.50439453125, 13704.1240234375, 3276.671630859375, 15804.67578125, 2680.8701171875]
[6120.25439453125, 13260.0849609375, 3233.236328125, 15977.0283203125, 2681.87890625]
[6082.2431640625, 13130.6474609375, 3203.888916015625, 15582.41796875, 2682.0439453125]
[6025.49462890625, 12932.4755859375, 3176.734375, 15351.134765625, 2682.323486328125]
[5958.24462890625, 12728.8193359375, 3146.28515625, 15287.5810546875, 2682.8173828125]
[5870.78759765625, 12492.33203125, 3109.02197265625, 15160.3466796875, 2683.5087890625]
[5712.615234375, 12118.1259765625, 3053.961181640625, 15198.423828125, 2684.31787109375]
[5648.9521484375, 11979.349609375, 3029.6650390625, 14894.2666015625, 2684.662841796875]
[5530.26220703125, 11722.9482421875, 3001.369873046875, 14888.6904296875, 2685.151123046875]
[5533.86328125, 11686.671875, 2963.0126953125, 14862.04296875, 2684.868896484375]
[5437.02392578125, 11454.8134765625, 2948.335693359375, 14613.1982421875, 2685.403564453125]
[5340.251953125, 11183.140625, 2918.902587890625, 14561.1474609375, 2685.824951171875]
[5316.3798828125, 11069.7666015625, 2894.597900390625, 14301.287109375, 2685.78564453125]
[5222.05419921875, 10768.48828125, 2838.356201171875, 14313.064453125, 2686.140869140625]
[5184.55712890625, 10686.189453125, 2817.721923828125, 14075.7158203125, 2686.097412109375]
[5067.1533203125, 10459.5771484375, 2789.757568359375, 14148.5693359375, 2686.617919921875]
[4996.22216796875, 10325.271484375, 2759.028076171875, 14070.283203125, 2686.604736328125]
[4888.306640625, 10123.8291015625, 2735.8759765625, 14054.2490234375, 2687.16650390625]
[4810.19384765625, 9957.693359375, 2711.97998046875, 13931.5947265625, 2687.452392578125]
[4764.87353515625, 9816.494140625, 2682.974853515625, 13700.91015625, 2687.356201171875]
[4672.18505859375, 9558.8818359375, 2646.138671875, 13715.751953125, 2687.4345703125]
[4703.080078125, 9557.31640625, 2629.5576171875, 13434.126953125, 2686.989990234375]
[4606.23388671875, 9322.4892578125, 2600.054931640625, 13401.4697265625, 2687.1318359375]
[4534.18212890625, 9182.291015625, 2580.065185546875, 13281.1396484375, 2687.358642578125]
[4434.37158203125, 8996.7568359375, 2552.257080078125, 13088.5234375, 2687.634765625]
[4296.82568359375, 8748.8046875, 2512.82080078125, 13195.796875, 2687.916748046875]
[4304.4794921875, 8756.9970703125, 2508.029541015625, 12837.0693359375, 2687.832275390625]
[4228.87451171875, 8601.40625, 2490.938232421875, 12868.16015625, 2688.050048828125]
[4235.2099609375, 8598.3740234375, 2479.2939453125, 12658.3955078125, 2687.825439453125]
[4170.20556640625, 8477.1806640625, 2459.711669921875, 12526.205078125, 2687.91552734375]
[3986.35546875, 8138.4326171875, 2411.085205078125, 12567.9677734375, 2688.113525390625]
[3975.231689453125, 8113.99755859375, 2399.96875, 12303.1337890625, 2688.032470703125]
[3915.838134765625, 7996.2900390625, 2380.016357421875, 12227.9931640625, 2688.06591796875]
[3819.65869140625, 7793.90673828125, 2341.967041015625, 12108.77734375, 2688.096923828125]
[3701.238037109375, 7569.84130859375, 2309.376708984375, 12268.0322265625, 2688.205322265625]
[3732.01708984375, 7607.32177734375, 2305.64599609375, 11964.251953125, 2688.080078125]
[3676.323974609375, 7512.609375, 2293.95263671875, 11889.1806640625, 2688.396728515625]
[3652.989013671875, 7466.66015625, 2284.21240234375, 11787.8076171875, 2688.42529296875]
[3615.219970703125, 7402.92578125, 2275.52734375, 11705.43359375, 2688.517822265625]
[3566.68603515625, 7318.18505859375, 2264.521728515625, 11595.13671875, 2688.660400390625]
[3498.39697265625, 7188.6904296875, 2247.4951171875, 11459.7177734375, 2688.766845703125]
[3406.052490234375, 6989.0732421875, 2218.877685546875, 11385.8359375, 2689.003662109375]
[3367.184326171875, 6881.26171875, 2199.919677734375, 11230.2451171875, 2688.8818359375]
[3297.896240234375, 6747.02294921875, 2181.61181640625, 11256.095703125, 2689.0400390625]
[3290.731201171875, 6690.50341796875, 2162.033447265625, 11121.6123046875, 2689.026611328125]
[3229.58447265625, 6579.3544921875, 2146.168701171875, 11084.4521484375, 2689.3310546875]
[3183.600830078125, 6493.7392578125, 2131.32666015625, 10966.6318359375, 2689.582763671875]
[3147.127197265625, 6418.2939453125, 2116.08740234375, 10883.5166015625, 2689.803466796875]
[3123.14013671875, 6341.1396484375, 2099.287841796875, 10783.400390625, 2689.89404296875]
[3056.425048828125, 6189.1708984375, 2075.08984375, 10798.849609375, 2690.070556640625]
[3039.066650390625, 6105.1044921875, 2056.523681640625, 10656.912109375, 2689.9931640625]
[2983.8662109375, 5968.185546875, 2035.0076904296875, 10617.087890625, 2690.134765625]
[2961.35546875, 5882.9013671875, 2015.3350830078125, 10469.400390625, 2690.20751953125]
[2927.573486328125, 5802.46484375, 2001.008056640625, 10381.33984375, 2690.39111328125]
[2911.80615234375, 5765.0771484375, 1992.00390625, 10256.833984375, 2690.5498046875]
[2855.100830078125, 5636.73095703125, 1968.3890380859375, 10201.095703125, 2690.854736328125]
[2849.609619140625, 5600.60107421875, 1956.9501953125, 10008.11328125, 2690.802001953125]
[2789.18212890625, 5468.84423828125, 1939.2288818359375, 10078.2783203125, 2691.152587890625]
[2792.23876953125, 5444.92529296875, 1931.05322265625, 9950.01171875, 2690.956787109375]
[2778.3779296875, 5400.45654296875, 1922.4510498046875, 9889.26171875, 2691.0048828125]
[2742.543701171875, 5301.45556640625, 1903.539306640625, 9844.9140625, 2691.290771484375]
[2689.671875, 5170.99560546875, 1880.1513671875, 9815.2158203125, 2691.699462890625]
[2660.60498046875, 5099.59326171875, 1865.3739013671875, 9717.0771484375, 2691.95458984375]
[2627.230712890625, 5020.82568359375, 1848.809814453125, 9624.63671875, 2692.141845703125]
[2592.600341796875, 4947.224609375, 1834.9344482421875, 9551.06640625, 2692.259521484375]
[2573.78125, 4895.20361328125, 1818.2738037109375, 9447.0068359375, 2692.055419921875]
[2486.184814453125, 4725.3447265625, 1793.7509765625, 9752.1240234375, 2692.53515625]
[2534.308837890625, 4817.79296875, 1804.678466796875, 9300.8232421875, 2692.147216796875]
[2529.6240234375, 4803.48193359375, 1800.435791015625, 9226.8427734375, 2692.179443359375]
[2494.676513671875, 4722.076171875, 1781.6082763671875, 9167.1591796875, 2692.396728515625]
[2444.954833984375, 4615.501953125, 1761.5533447265625, 9135.1943359375, 2692.56494140625]
[2401.364013671875, 4512.904296875, 1739.5997314453125, 9087.3046875, 2692.6708984375]
[2393.153564453125, 4488.50732421875, 1732.8214111328125, 8998.9462890625, 2692.522705078125]
[2372.705322265625, 4440.43505859375, 1722.129150390625, 8964.0205078125, 2692.516845703125]
[2346.162109375, 4375.02490234375, 1705.70654296875, 8875.5224609375, 2692.568359375]
[2309.90087890625, 4292.22119140625, 1684.5438232421875, 8836.3779296875, 2692.89404296875]
[2312.90283203125, 4289.76904296875, 1679.968505859375, 8716.8359375, 2692.8876953125]
[2282.2001953125, 4231.60546875, 1669.0201416015625, 8707.5126953125, 2693.2275390625]
[2282.435302734375, 4226.0390625, 1664.564453125, 8594.8916015625, 2693.1845703125]
[2256.666259765625, 4171.8486328125, 1651.26611328125, 8511.958984375, 2693.235107421875]
[2231.60302734375, 4115.763671875, 1636.4998779296875, 8454.9716796875, 2693.232177734375]
[2205.593994140625, 4058.572265625, 1622.8094482421875, 8439.28125, 2693.21337890625]
[2192.818115234375, 4024.71435546875, 1612.337158203125, 8372.1787109375, 2693.19384765625]
[2163.510498046875, 3959.84814453125, 1597.412353515625, 8383.4111328125, 2693.35595703125]
[2167.6767578125, 3960.0673828125, 1594.826904296875, 8283.3310546875, 2693.335205078125]
[2151.203125, 3920.0634765625, 1586.079345703125, 8203.865234375, 2693.546875]
[2134.299072265625, 3874.6083984375, 1575.1236572265625, 8128.3837890625, 2693.50390625]
[2109.7333984375, 3823.108154296875, 1564.53466796875, 8098.62890625, 2693.583251953125]
[2086.77294921875, 3775.006103515625, 1553.259033203125, 8039.36572265625, 2693.560302734375]
[2053.599609375, 3705.901123046875, 1533.9857177734375, 7994.90283203125, 2693.40966796875]
[2039.8076171875, 3676.333740234375, 1524.8265380859375, 7894.02099609375, 2693.44140625]
[2021.0015869140625, 3638.958984375, 1515.9693603515625, 7861.20849609375, 2693.575439453125]
[2020.352783203125, 3629.12548828125, 1508.1099853515625, 7781.095703125, 2693.511962890625]
[1985.6614990234375, 3561.60595703125, 1495.728515625, 7747.74853515625, 2693.681640625]
[1971.961181640625, 3531.09228515625, 1489.8778076171875, 7671.2919921875, 2693.681396484375]
[1960.327392578125, 3501.14208984375, 1481.6583251953125, 7594.80517578125, 2693.54052734375]
[1942.6890869140625, 3459.85888671875, 1469.735107421875, 7554.77783203125, 2693.50048828125]
[1924.158203125, 3420.070556640625, 1457.6826171875, 7501.59619140625, 2693.4560546875]
[1892.3544921875, 3356.433349609375, 1439.8321533203125, 7500.537109375, 2693.497802734375]
[1895.4920654296875, 3359.279052734375, 1436.1336669921875, 7432.8701171875, 2693.46630859375]
[1878.1539306640625, 3330.202392578125, 1431.5714111328125, 7415.181640625, 2693.578125]
[1863.6641845703125, 3304.20263671875, 1426.2969970703125, 7358.79541015625, 2693.63623046875]
[1854.6781005859375, 3287.3134765625, 1422.242431640625, 7302.638671875, 2693.68994140625]
[1837.2354736328125, 3250.732421875, 1411.843017578125, 7238.2353515625, 2693.674072265625]
[1809.7056884765625, 3189.67626953125, 1393.0333251953125, 7181.79052734375, 2693.6865234375]
[1808.6214599609375, 3175.97802734375, 1386.6529541015625, 7124.357421875, 2693.527587890625]
[1796.5390625, 3150.53857421875, 1379.9307861328125, 7117.0546875, 2693.52783203125]
[1780.48681640625, 3113.508544921875, 1368.57470703125, 7058.12744140625, 2693.49560546875]
[1754.661376953125, 3062.029296875, 1354.64501953125, 7035.7587890625, 2693.616455078125]
[1746.135986328125, 3044.47705078125, 1348.1500244140625, 6974.47998046875, 2693.63916015625]
[1724.5135498046875, 3006.478515625, 1337.7540283203125, 6962.1572265625, 2693.72412109375]
[1717.46826171875, 2992.27392578125, 1330.5528564453125, 6888.6708984375, 2693.82568359375]
[1700.187744140625, 2958.067626953125, 1320.141357421875, 6838.8515625, 2693.8193359375]
[1682.1334228515625, 2917.025146484375, 1306.0072021484375, 6774.18017578125, 2693.88330078125]
[1676.984130859375, 2901.24267578125, 1299.7276611328125, 6721.1005859375, 2693.766845703125]
[1668.2744140625, 2881.86083984375, 1293.8800048828125, 6690.646484375, 2693.75390625]
[1651.3096923828125, 2845.848876953125, 1283.3079833984375, 6631.49853515625, 2693.83251953125]
[1630.998779296875, 2804.428466796875, 1269.2943115234375, 6629.53369140625, 2693.751708984375]
[1625.3087158203125, 2795.051025390625, 1265.564208984375, 6575.2666015625, 2693.75634765625]
[1600.961181640625, 2755.9013671875, 1253.98046875, 6568.4833984375, 2693.848876953125]
[1607.4501953125, 2762.3291015625, 1250.7119140625, 6514.4482421875, 2693.62255859375]
[1597.470947265625, 2744.20068359375, 1246.4139404296875, 6480.0673828125, 2693.626708984375]
[1575.9459228515625, 2702.487060546875, 1234.914306640625, 6449.60595703125, 2693.59423828125]
[1573.0203857421875, 2695.195556640625, 1232.6610107421875, 6398.21484375, 2693.564697265625]
[1562.2218017578125, 2672.090576171875, 1224.4005126953125, 6349.13330078125, 2693.55712890625]
[1543.23046875, 2638.080810546875, 1214.190673828125, 6312.68505859375, 2693.620361328125]
[1530.0162353515625, 2611.8798828125, 1204.62890625, 6274.6103515625, 2693.74462890625]
[1514.9371337890625, 2585.391357421875, 1196.627197265625, 6262.716796875, 2693.781494140625]
[1505.52392578125, 2566.558837890625, 1190.147216796875, 6223.11376953125, 2693.7939453125]
[1479.865966796875, 2520.80615234375, 1176.328125, 6214.13671875, 2693.82177734375]
[1474.2076416015625, 2501.71337890625, 1167.421630859375, 6149.7353515625, 2693.750732421875]
[1459.7989501953125, 2475.7470703125, 1159.4078369140625, 6133.583984375, 2693.78271484375]
[1450.2081298828125, 2456.245849609375, 1152.3924560546875, 6100.8046875, 2693.786865234375]
[1436.61279296875, 2426.9677734375, 1142.3330078125, 6075.927734375, 2693.888916015625]
[1428.760009765625, 2410.0341796875, 1136.1156005859375, 6012.0400390625, 2693.93505859375]
[1416.1055908203125, 2385.347900390625, 1127.8297119140625, 5974.98681640625, 2694.052734375]
[1412.256103515625, 2374.426025390625, 1122.9765625, 5933.27734375, 2694.08642578125]
[1391.77392578125, 2338.837158203125, 1112.313720703125, 5936.8857421875, 2694.2138671875]
[1388.08447265625, 2327.20751953125, 1106.537353515625, 5884.400390625, 2694.235107421875]
[1374.77880859375, 2299.6875, 1096.882080078125, 5858.34716796875, 2694.258056640625]
[1366.283203125, 2280.584716796875, 1089.6884765625, 5821.15087890625, 2694.3173828125]
[1350.8505859375, 2247.45556640625, 1078.05126953125, 5805.50732421875, 2694.392578125]
[1342.6986083984375, 2229.16650390625, 1071.645263671875, 5772.42041015625, 2694.466064453125]
[1329.1807861328125, 2203.946533203125, 1063.8505859375, 5766.423828125, 2694.54296875]
[1326.30712890625, 2196.5947265625, 1060.589111328125, 5721.033203125, 2694.5048828125]
[1305.5924072265625, 2164.598388671875, 1052.265380859375, 5717.1884765625, 2694.574951171875]
[1304.8114013671875, 2162.51806640625, 1050.2559814453125, 5655.74169921875, 2694.47314453125]
[1297.925048828125, 2149.448974609375, 1045.082275390625, 5610.794921875, 2694.379150390625]
[1286.997314453125, 2128.80419921875, 1037.368408203125, 5586.10009765625, 2694.379150390625]
[1276.206298828125, 2106.836669921875, 1029.4097900390625, 5556.72705078125, 2694.37890625]
[1261.3077392578125, 2077.21435546875, 1018.83935546875, 5529.84326171875, 2694.45458984375]
[1251.9527587890625, 2056.0185546875, 1010.61474609375, 5503.841796875, 2694.45361328125]
[1240.883056640625, 2037.2276611328125, 1005.0269165039062, 5498.2978515625, 2694.564697265625]
[1244.6669921875, 2042.001220703125, 1005.1220703125, 5456.50927734375, 2694.58203125]
[1238.09716796875, 2031.3482666015625, 1001.80615234375, 5435.2470703125, 2694.576904296875]
[1229.871826171875, 2017.366943359375, 996.8670654296875, 5403.82275390625, 2694.581298828125]
[1220.978271484375, 2000.1180419921875, 990.06396484375, 5369.89111328125, 2694.568115234375]
[1208.1815185546875, 1974.6695556640625, 980.519287109375, 5340.462890625, 2694.607421875]
[1202.8133544921875, 1960.6695556640625, 974.3255615234375, 5306.98681640625, 2694.564697265625]
[1193.6407470703125, 1941.955810546875, 967.6705322265625, 5296.0224609375, 2694.5830078125]
[1184.414794921875, 1920.84716796875, 959.306884765625, 5257.56884765625, 2694.574951171875]
[1159.760498046875, 1876.61083984375, 945.3170776367188, 5270.0166015625, 2694.643310546875]
[1163.8143310546875, 1879.55517578125, 943.8253784179688, 5209.365234375, 2694.54736328125]
[1157.0556640625, 1867.8514404296875, 939.7421264648438, 5195.2333984375, 2694.5615234375]
[1153.0474853515625, 1861.3458251953125, 937.2113647460938, 5178.1318359375, 2694.564697265625]
[1146.3271484375, 1849.8529052734375, 932.4185180664062, 5146.46923828125, 2694.53271484375]
[1135.0792236328125, 1827.591064453125, 922.748779296875, 5138.9150390625, 2694.56201171875]
[1131.3427734375, 1820.2635498046875, 919.7324829101562, 5089.01171875, 2694.51171875]
[1127.137939453125, 1810.354736328125, 915.4346313476562, 5059.857421875, 2694.482177734375]
[1118.1805419921875, 1793.11181640625, 909.032958984375, 5052.02490234375, 2694.48046875]
[1107.302734375, 1767.933837890625, 898.35009765625, 5022.95654296875, 2694.486328125]
[1094.720947265625, 1744.99609375, 890.106201171875, 5009.33349609375, 2694.46875]
[1095.7379150390625, 1744.3175048828125, 888.4266357421875, 4977.5693359375, 2694.4033203125]
[1083.182861328125, 1722.0196533203125, 881.0531616210938, 4984.302734375, 2694.4052734375]
[1086.616455078125, 1727.144775390625, 881.9661865234375, 4931.58447265625, 2694.35986328125]
[1082.6654052734375, 1718.886474609375, 878.4928588867188, 4902.40869140625, 2694.28076171875]
[1074.6502685546875, 1704.4520263671875, 873.43896484375, 4894.69873046875, 2694.28857421875]
[1066.0460205078125, 1688.903076171875, 867.7327880859375, 4891.71337890625, 2694.28076171875]
[1058.5096435546875, 1675.880615234375, 862.6755981445312, 4876.73046875, 2694.32421875]
[1048.8558349609375, 1660.02490234375, 856.6484375, 4845.23681640625, 2694.40087890625]
[1036.3646240234375, 1636.1524658203125, 844.9863891601562, 4823.6123046875, 2694.38671875]
[1028.0908203125, 1624.3323974609375, 841.6493530273438, 4785.1875, 2694.466796875]
[1030.8602294921875, 1627.8233642578125, 842.459228515625, 4754.7421875, 2694.4560546875]
[1023.4699096679688, 1615.2818603515625, 838.0756225585938, 4751.43896484375, 2694.458251953125]
[1020.4329223632812, 1608.689208984375, 834.797607421875, 4727.2939453125, 2694.39404296875]
[1006.8992309570312, 1584.9140625, 825.1482543945312, 4692.13134765625, 2694.337158203125]
[996.2696533203125, 1567.492431640625, 818.1246337890625, 4664.10498046875, 2694.24853515625]
[988.6041870117188, 1555.55078125, 813.3128662109375, 4637.07470703125, 2694.22412109375]
[979.3140869140625, 1541.5587158203125, 808.3051147460938, 4624.310546875, 2694.203125]
[976.51611328125, 1535.5245361328125, 805.3419799804688, 4593.1533203125, 2694.12646484375]
[966.350341796875, 1520.1048583984375, 799.533935546875, 4590.1220703125, 2694.1044921875]
[966.0515747070312, 1516.7352294921875, 797.3349609375, 4560.3759765625, 2694.027587890625]
[960.3701782226562, 1507.4384765625, 793.17236328125, 4544.84326171875, 2693.9931640625]
[950.3333129882812, 1491.818603515625, 786.0081176757812, 4523.3193359375, 2693.960205078125]
[940.273193359375, 1476.535888671875, 779.5614013671875, 4509.5498046875, 2693.91943359375]
[934.4757690429688, 1467.334228515625, 775.410400390625, 4488.98876953125, 2693.879150390625]
[924.8201904296875, 1453.7047119140625, 770.1341552734375, 4473.05029296875, 2693.848876953125]
[918.7160034179688, 1440.5279541015625, 764.5365600585938, 4454.0107421875, 2693.67529296875]
[914.21142578125, 1433.4036865234375, 762.0464477539062, 4429.29638671875, 2693.636962890625]
[907.462890625, 1421.834716796875, 757.8063354492188, 4416.64111328125, 2693.56005859375]
[910.6432495117188, 1423.0185546875, 757.67431640625, 4387.6171875, 2693.49072265625]
[902.33740234375, 1410.6173095703125, 752.8753051757812, 4377.82177734375, 2693.40966796875]
[894.469970703125, 1398.221435546875, 747.78466796875, 4364.09814453125, 2693.334716796875]
[889.689208984375, 1390.743896484375, 744.5711059570312, 4347.87451171875, 2693.2763671875]
[881.8599243164062, 1378.1004638671875, 739.3914184570312, 4331.08447265625, 2693.25927734375]
[869.0276489257812, 1359.201904296875, 731.830078125, 4321.30908203125, 2693.22021484375]
[866.5182495117188, 1353.337646484375, 729.0239868164062, 4293.4033203125, 2693.25537109375]
[857.7161865234375, 1339.8802490234375, 723.6988525390625, 4284.15380859375, 2693.2958984375]
[854.8831176757812, 1334.0701904296875, 720.8284301757812, 4254.6767578125, 2693.352783203125]
[843.2549438476562, 1318.473876953125, 714.9508056640625, 4246.90087890625, 2693.339111328125]
[841.26171875, 1314.452392578125, 712.8238525390625, 4212.16552734375, 2693.314208984375]
[834.5138549804688, 1304.47509765625, 708.825439453125, 4194.23193359375, 2693.252685546875]
[828.915283203125, 1295.73681640625, 704.970703125, 4176.0322265625, 2693.139404296875]
[820.3167724609375, 1283.2591552734375, 699.9880981445312, 4168.5068359375, 2693.098388671875]
[815.3102416992188, 1275.016845703125, 696.2407836914062, 4146.76171875, 2693.061767578125]
[803.1001586914062, 1258.6629638671875, 689.6934814453125, 4146.830078125, 2693.0859375]
[803.9512939453125, 1258.1246337890625, 688.8641967773438, 4111.56201171875, 2693.10546875]
[799.0679931640625, 1251.6575927734375, 686.27880859375, 4095.940185546875, 2693.09521484375]
[794.4005126953125, 1245.404052734375, 683.7423706054688, 4075.396484375, 2693.099365234375]
[786.3312377929688, 1234.1845703125, 679.2733764648438, 4065.564697265625, 2693.01416015625]
[779.8969116210938, 1224.751953125, 675.2789916992188, 4047.065673828125, 2692.91845703125]
[772.2859497070312, 1213.735595703125, 670.5888671875, 4034.79345703125, 2692.83642578125]
[763.0740966796875, 1199.177978515625, 663.9282836914062, 4020.2666015625, 2692.62890625]
[755.99658203125, 1189.9178466796875, 660.0162963867188, 4006.4248046875, 2692.594482421875]
[753.7000122070312, 1185.92138671875, 658.1187133789062, 3985.00244140625, 2692.56005859375]
[740.697021484375, 1170.367919921875, 652.1363525390625, 3986.6982421875, 2692.45263671875]
[743.0510864257812, 1170.8138427734375, 651.892333984375, 3953.572998046875, 2692.3583984375]
[739.52783203125, 1166.476318359375, 650.2963256835938, 3936.229736328125, 2692.33544921875]
[731.4205322265625, 1156.50537109375, 646.585205078125, 3929.056396484375, 2692.227294921875]
[727.892333984375, 1151.640869140625, 644.5439453125, 3909.51025390625, 2692.159423828125]
[716.6598510742188, 1135.893798828125, 638.286865234375, 3902.486572265625, 2691.974365234375]
[716.4744873046875, 1134.9630126953125, 637.6023559570312, 3885.05322265625, 2691.9521484375]
[711.9005737304688, 1129.1463623046875, 635.24462890625, 3881.65576171875, 2691.933349609375]
[703.2411499023438, 1117.15771484375, 630.1165771484375, 3862.60400390625, 2691.910400390625]
[690.0601806640625, 1100.9344482421875, 623.3335571289062, 3855.698974609375, 2691.84228515625]
[688.927490234375, 1096.8572998046875, 620.8463745117188, 3830.320556640625, 2691.82373046875]
[683.4130249023438, 1090.205078125, 618.0032958984375, 3820.57177734375, 2691.735595703125]
[680.470703125, 1085.766845703125, 615.8272705078125, 3802.437255859375, 2691.630126953125]
[674.092041015625, 1077.512451171875, 612.1240844726562, 3782.649169921875, 2691.55419921875]
[664.2631225585938, 1063.915771484375, 606.0215454101562, 3775.37744140625, 2691.380859375]
[666.110107421875, 1064.6937255859375, 605.9247436523438, 3747.26171875, 2691.43798828125]
[659.3895263671875, 1057.0198974609375, 603.0664672851562, 3746.953125, 2691.466064453125]
[658.603271484375, 1055.4317626953125, 602.2964477539062, 3734.33203125, 2691.462158203125]
[654.6009521484375, 1049.8154296875, 599.829345703125, 3724.583984375, 2691.41552734375]
[649.4005126953125, 1042.881591796875, 596.6898193359375, 3711.335205078125, 2691.346435546875]
[639.1268310546875, 1029.7681884765625, 591.08544921875, 3703.69970703125, 2691.2490234375]
[636.1522827148438, 1025.6552734375, 588.9682006835938, 3684.3681640625, 2691.217041015625]
[629.4170532226562, 1017.6829223632812, 585.6793212890625, 3681.072509765625, 2691.16748046875]
[628.1129760742188, 1015.552490234375, 584.6544799804688, 3662.933349609375, 2691.19140625]
[621.6473388671875, 1007.6427612304688, 581.4146728515625, 3647.314453125, 2691.17724609375]
[615.4017333984375, 998.4251098632812, 577.6130981445312, 3622.70458984375, 2691.1748046875]
[610.0707397460938, 991.69873046875, 574.954833984375, 3610.2333984375, 2691.1591796875]
[608.6241455078125, 988.6881713867188, 573.72509765625, 3596.566162109375, 2691.106201171875]
[600.6799926757812, 979.0906982421875, 570.1824951171875, 3593.6435546875, 2691.0576171875]
[598.3123779296875, 974.7661743164062, 568.4386596679688, 3573.358154296875, 2690.96337890625]
[592.4085693359375, 967.3638305664062, 565.6514282226562, 3563.486572265625, 2690.890380859375]
[586.4972534179688, 960.195068359375, 562.7962036132812, 3550.910400390625, 2690.8310546875]
[580.2694091796875, 952.9161376953125, 559.8784790039062, 3543.21044921875, 2690.73876953125]
[576.8956909179688, 948.5676879882812, 557.9663696289062, 3529.039794921875, 2690.668701171875]
[567.5307006835938, 938.4549560546875, 553.9303588867188, 3530.17138671875, 2690.511474609375]
[569.3553466796875, 938.8624877929688, 553.6835327148438, 3506.5380859375, 2690.44384765625]
[566.4155883789062, 935.4880981445312, 552.4188232421875, 3495.333740234375, 2690.39404296875]
[560.7117309570312, 928.675048828125, 549.8135986328125, 3483.14306640625, 2690.2392578125]
[558.2406616210938, 925.36083984375, 548.4417724609375, 3472.69287109375, 2690.177978515625]
[549.8754272460938, 914.2235107421875, 543.9942016601562, 3455.412353515625, 2689.9814453125]
[543.2196655273438, 905.4098510742188, 540.4177856445312, 3451.0712890625, 2689.891845703125]
[542.7295532226562, 904.2085571289062, 539.8905029296875, 3433.254638671875, 2689.89208984375]
[539.14599609375, 899.3605346679688, 538.083984375, 3426.015625, 2689.848876953125]
[537.986328125, 896.90283203125, 536.998046875, 3414.167724609375, 2689.79931640625]
[526.6273193359375, 883.1505126953125, 531.8960571289062, 3417.335205078125, 2689.587890625]
[527.3460693359375, 881.6068725585938, 530.7306518554688, 3395.508056640625, 2689.440673828125]
[523.6319580078125, 877.4833374023438, 529.0841674804688, 3385.261474609375, 2689.32470703125]
[518.3831787109375, 871.3936767578125, 526.779541015625, 3381.72900390625, 2689.174560546875]
[517.0990600585938, 869.880859375, 526.099609375, 3370.30322265625, 2689.1376953125]
[511.4822998046875, 862.9739379882812, 523.4508666992188, 3356.213623046875, 2688.992431640625]
[507.32208251953125, 857.3814697265625, 521.2359619140625, 3344.8662109375, 2688.930908203125]
[504.2986755371094, 853.4088134765625, 519.7306518554688, 3331.337890625, 2688.84521484375]
[501.5805969238281, 849.6334228515625, 518.2837524414062, 3322.419677734375, 2688.76806640625]
[498.72076416015625, 845.8174438476562, 516.7427978515625, 3313.59423828125, 2688.691162109375]
[491.431884765625, 836.5912475585938, 513.1016845703125, 3301.554443359375, 2688.518310546875]
[487.7513427734375, 831.2498168945312, 510.53070068359375, 3289.50927734375, 2688.4169921875]
[481.06488037109375, 824.4012451171875, 508.14605712890625, 3293.139404296875, 2688.278564453125]
[483.5799560546875, 826.32470703125, 508.40948486328125, 3275.726806640625, 2688.30712890625]
[482.3585510253906, 824.8900146484375, 507.83587646484375, 3267.884765625, 2688.271484375]
[478.3674011230469, 820.22119140625, 505.9576110839844, 3257.370361328125, 2688.18408203125]
Iteration: 505, loss: 7750.100586
[474.418701171875, 815.1666259765625, 503.8719787597656, 3251.88134765625, 2688.085205078125]
[467.9967956542969, 806.9681396484375, 500.3551940917969, 3239.0498046875, 2687.945068359375]
[461.4103088378906, 797.911865234375, 496.4533996582031, 3230.545166015625, 2687.773681640625]
[458.80670166015625, 794.0891723632812, 494.62152099609375, 3217.779052734375, 2687.7353515625]
[454.7555847167969, 789.1301879882812, 492.69989013671875, 3213.47900390625, 2687.656982421875]
[453.55743408203125, 786.6947021484375, 491.4406433105469, 3196.4912109375, 2687.617919921875]
[446.9820861816406, 779.14794921875, 488.70587158203125, 3191.3046875, 2687.49658203125]
[445.7843322753906, 777.1217651367188, 487.7754211425781, 3176.465087890625, 2687.47412109375]
[441.1720275878906, 771.6895141601562, 485.4833984375, 3165.20361328125, 2687.369384765625]
[437.748291015625, 766.324951171875, 482.9352111816406, 3153.756591796875, 2687.323486328125]
[434.4083557128906, 762.3248901367188, 481.1413879394531, 3147.07275390625, 2687.2431640625]
[431.965576171875, 759.06005859375, 479.55401611328125, 3138.7158203125, 2687.19287109375]
[427.4502868652344, 753.529296875, 477.2021179199219, 3133.165771484375, 2687.1162109375]
[423.71026611328125, 747.8771362304688, 474.468994140625, 3121.877197265625, 2687.04638671875]
[419.60113525390625, 743.0469970703125, 472.4897155761719, 3114.15966796875, 2686.962158203125]
[419.4286804199219, 742.1494750976562, 471.9842529296875, 3102.420166015625, 2686.9326171875]
HR iterations
[9629.115234375, 1880521.25, 406352.46875, 22125344.0, 2027.2674560546875]
[9629.1142578125, 1880521.25, 406352.46875, 22125340.0, 2027.2674560546875]
[4428.6796875, 839327.375, 875499.5, 105821512.0, 2713.70849609375]
[3739.858154296875, 211053.953125, 330938.5, 23158888.0, 2479.154296875]
[4370.73388671875, 145024.359375, 74634.0, 5637554.0, 2300.75537109375]
[5640.4208984375, 507225.9375, 68926.671875, 2793263.75, 2241.78076171875]
[5275.486328125, 397704.03125, 54263.9375, 1391224.625, 2240.311279296875]
[5011.5576171875, 318919.34375, 46037.29296875, 1169169.875, 2254.081787109375]
[4663.5400390625, 220013.15625, 36604.58203125, 817075.8125, 2271.7333984375]
[4513.1845703125, 179446.46875, 28615.71875, 548036.875, 2274.98388671875]
[4464.0439453125, 166926.0, 26104.40625, 413264.1875, 2272.791748046875]
[4450.02587890625, 163411.28125, 24848.02734375, 353616.875, 2270.353759765625]
[4282.52490234375, 121609.9765625, 19779.6015625, 231723.953125, 2273.024658203125]
[4167.00390625, 96888.3828125, 17859.72265625, 246281.171875, 2278.315185546875]
[4167.9267578125, 96795.7578125, 17716.73046875, 190490.359375, 2276.693359375]
[4151.3095703125, 93729.03125, 17454.990234375, 175482.40625, 2276.298828125]
[4080.6298828125, 80640.5390625, 16489.1171875, 156579.03125, 2277.05712890625]
[3979.146240234375, 63263.6796875, 15445.3583984375, 137988.921875, 2278.54443359375]
[3744.18310546875, 32901.3515625, 13783.2890625, 134809.515625, 2282.9130859375]
[3682.809326171875, 26850.953125, 13753.3564453125, 100712.625, 2284.828369140625]
[3701.153076171875, 29044.36328125, 13250.1025390625, 91413.1328125, 2282.770751953125]
[3645.9521484375, 24777.03515625, 12541.8359375, 80265.0625, 2283.186767578125]
[3567.3076171875, 20438.408203125, 11797.376953125, 70910.921875, 2284.322998046875]
[3495.58447265625, 17980.84765625, 11612.37890625, 62319.3203125, 2285.0126953125]
[3446.9453125, 17136.2578125, 11352.5595703125, 56494.70703125, 2285.1572265625]
[3438.728515625, 17070.580078125, 10987.0673828125, 51673.40625, 2283.6923828125]
[3427.989501953125, 16894.6640625, 10716.79296875, 48008.35546875, 2283.71728515625]
[3392.856201171875, 16330.5400390625, 9849.99609375, 43094.64453125, 2282.600830078125]
[3378.74365234375, 16100.7919921875, 9378.6982421875, 39388.59375, 2283.50390625]
[3364.524658203125, 15923.4775390625, 9065.0517578125, 37298.0390625, 2283.502197265625]
[3319.75341796875, 15451.298828125, 8289.5390625, 33665.86328125, 2283.055908203125]
[3280.14404296875, 15071.501953125, 7678.9365234375, 33807.296875, 2283.95703125]
[3298.275390625, 15089.5126953125, 7716.67333984375, 31184.01953125, 2282.77587890625]
[3286.444580078125, 15016.40234375, 7643.830078125, 29998.873046875, 2282.890625]
[3279.002685546875, 14806.396484375, 7336.85986328125, 28996.056640625, 2282.40576171875]
[3251.702392578125, 14481.7236328125, 6917.494140625, 27219.279296875, 2282.3134765625]
[3199.936279296875, 13865.4951171875, 6168.1259765625, 25538.40625, 2282.275146484375]
[3181.74560546875, 13652.2099609375, 5908.06689453125, 23887.044921875, 2281.673095703125]
[3167.462890625, 13538.4482421875, 5784.97802734375, 22681.23046875, 2281.34912109375]
[3122.8115234375, 13140.744140625, 5429.37353515625, 21177.517578125, 2281.2724609375]
[3063.385009765625, 12640.5146484375, 4956.86181640625, 21084.732421875, 2281.26513671875]
[3058.9130859375, 12525.4521484375, 4863.26123046875, 19208.947265625, 2280.9755859375]
[3026.829833984375, 12201.8173828125, 4623.34765625, 18858.1953125, 2281.31787109375]
[3023.984375, 12136.7431640625, 4522.1455078125, 18272.943359375, 2280.819580078125]
[3005.724609375, 11977.7333984375, 4395.9931640625, 17821.48828125, 2280.668212890625]
[2952.52783203125, 11535.6748046875, 4102.845703125, 16738.48046875, 2280.189697265625]
[2916.25927734375, 11244.408203125, 3936.122802734375, 15952.2421875, 2279.77392578125]
[2880.18896484375, 10959.5322265625, 3802.99755859375, 15200.85546875, 2279.643310546875]
[2852.440673828125, 10743.984375, 3693.24462890625, 14533.35546875, 2279.647705078125]
[2793.33642578125, 10289.1142578125, 3520.38671875, 14102.7763671875, 2280.38720703125]
[2759.6650390625, 10054.6552734375, 3396.0556640625, 13463.3984375, 2280.455078125]
[2726.997802734375, 9810.298828125, 3309.314208984375, 13012.7509765625, 2280.818603515625]
[2680.047607421875, 9480.046875, 3195.04931640625, 12399.2041015625, 2280.971435546875]
[2618.50537109375, 9053.412109375, 3078.537353515625, 12220.052734375, 2281.183349609375]
[2618.98291015625, 9064.8994140625, 3076.399169921875, 11648.87890625, 2280.519775390625]
[2583.135009765625, 8841.3046875, 3011.8740234375, 11334.0361328125, 2280.708740234375]
[2568.214111328125, 8744.9873046875, 2976.503173828125, 11144.9189453125, 2280.622802734375]
[2521.5859375, 8453.603515625, 2876.699951171875, 10765.0498046875, 2280.624267578125]
[2460.1181640625, 8074.16552734375, 2750.65185546875, 10384.3369140625, 2280.351318359375]
[2416.010009765625, 7809.88232421875, 2684.31103515625, 9885.1748046875, 2280.759033203125]
[2388.300048828125, 7645.09912109375, 2635.8193359375, 9625.6884765625, 2280.9248046875]
[2349.302978515625, 7424.54150390625, 2589.00146484375, 9694.806640625, 2281.314453125]
[2314.41455078125, 7235.28662109375, 2537.67236328125, 9437.0732421875, 2281.243408203125]
[2250.23779296875, 6903.25927734375, 2456.76416015625, 9188.244140625, 2281.41650390625]
[2202.6630859375, 6670.20751953125, 2387.349853515625, 8830.5126953125, 2280.998291015625]
[2166.486328125, 6483.68115234375, 2321.587158203125, 8592.6708984375, 2280.71533203125]
[2139.185546875, 6347.67041015625, 2271.6533203125, 8310.3984375, 2280.448974609375]
[2095.859375, 6133.18701171875, 2198.380859375, 7925.587890625, 2280.186279296875]
[2022.204345703125, 5788.3974609375, 2093.173828125, 7941.18115234375, 2280.24658203125]
[1996.431640625, 5674.05126953125, 2065.91943359375, 7519.041015625, 2280.0673828125]
[1989.3143310546875, 5641.7294921875, 2053.870361328125, 7280.2421875, 2279.80126953125]
[1897.4971923828125, 5295.56201171875, 1989.2998046875, 7703.5693359375, 2280.33642578125]
[1926.30322265625, 5391.3916015625, 1995.979736328125, 7150.0517578125, 2279.86181640625]
[1912.54150390625, 5332.73388671875, 1970.1298828125, 6992.869140625, 2279.609619140625]
[1862.1954345703125, 5135.59716796875, 1901.4539794921875, 6863.63037109375, 2279.215087890625]
[1792.0806884765625, 4876.17138671875, 1813.6849365234375, 6687.8017578125, 2279.01171875]
[1720.8671875, 4620.2041015625, 1721.2198486328125, 6580.61181640625, 2278.722412109375]
[1686.927978515625, 4492.24267578125, 1672.3895263671875, 6539.7734375, 2278.65673828125]
[1701.005126953125, 4531.24462890625, 1677.90185546875, 6236.2880859375, 2278.5576171875]
[1683.0982666015625, 4468.62109375, 1661.0252685546875, 6174.46728515625, 2278.6689453125]
[1673.928466796875, 4432.05712890625, 1648.640625, 6045.48046875, 2278.628662109375]
[1617.1168212890625, 4237.58349609375, 1588.5477294921875, 5862.701171875, 2278.550537109375]
[1567.8736572265625, 4074.21533203125, 1534.360595703125, 5815.75732421875, 2278.355712890625]
[1560.1015625, 4044.10302734375, 1519.204833984375, 5597.9716796875, 2278.11767578125]
[1522.19775390625, 3932.099609375, 1481.953857421875, 5540.56591796875, 2278.0302734375]
[1503.8248291015625, 3872.485107421875, 1455.0684814453125, 5424.447265625, 2277.767333984375]
[1445.81201171875, 3703.442138671875, 1400.5152587890625, 5406.4228515625, 2277.78466796875]
[1405.600830078125, 3580.24560546875, 1354.4339599609375, 5280.95556640625, 2277.708251953125]
[1334.6214599609375, 3376.48095703125, 1282.5069580078125, 5363.2607421875, 2277.73291015625]
[1351.26611328125, 3401.509765625, 1283.427490234375, 5168.6708984375, 2277.6103515625]
[1331.37060546875, 3353.05712890625, 1269.583740234375, 5084.92431640625, 2277.69091796875]
[1323.9940185546875, 3331.926513671875, 1261.5791015625, 5030.3232421875, 2277.67529296875]
[1305.847900390625, 3276.230224609375, 1241.48828125, 4970.02783203125, 2277.686279296875]
[1280.7799072265625, 3194.632080078125, 1211.945068359375, 4850.96435546875, 2277.672119140625]
[1207.120361328125, 2984.259521484375, 1142.2359619140625, 4859.34375, 2278.065185546875]
[1211.748291015625, 2963.048095703125, 1126.6319580078125, 4652.349609375, 2277.725341796875]
[1191.2938232421875, 2909.735107421875, 1110.98291015625, 4605.072265625, 2277.77734375]
[1168.5599365234375, 2842.684326171875, 1088.4423828125, 4528.025390625, 2277.799560546875]
[1143.7938232421875, 2769.1396484375, 1063.4224853515625, 4482.4306640625, 2277.752685546875]
[1116.6826171875, 2675.93212890625, 1027.50341796875, 4352.5, 2277.4501953125]
[1068.1201171875, 2541.255859375, 988.4567260742188, 4379.9638671875, 2277.4853515625]
[1071.9222412109375, 2537.848876953125, 982.2308349609375, 4181.65380859375, 2277.204833984375]
[1052.5543212890625, 2483.499267578125, 967.25439453125, 4124.99609375, 2277.029541015625]
[1043.996337890625, 2456.8671875, 959.4479370117188, 4056.858154296875, 2276.902587890625]
[1007.6840209960938, 2364.088134765625, 940.5375366210938, 4086.432861328125, 2276.880859375]
[991.1605224609375, 2316.841552734375, 930.53515625, 4024.287109375, 2276.67041015625]
[971.0194091796875, 2255.08203125, 917.46337890625, 3961.240478515625, 2276.4716796875]
[939.48486328125, 2165.68505859375, 894.6915893554688, 3883.666015625, 2276.201416015625]
[917.8327026367188, 2096.519287109375, 872.9016723632812, 3808.933837890625, 2275.935302734375]
[905.1590576171875, 2064.4306640625, 862.3616943359375, 3764.778564453125, 2275.949951171875]
[896.72509765625, 2040.4732666015625, 849.1150512695312, 3683.919189453125, 2275.9384765625]
[857.7185668945312, 1953.2012939453125, 832.0438232421875, 3704.40380859375, 2275.959228515625]
[857.58935546875, 1943.164306640625, 820.8421020507812, 3568.4375, 2275.800048828125]
[842.3055419921875, 1902.5914306640625, 814.3885498046875, 3518.28173828125, 2275.6435546875]
[827.3052978515625, 1863.7664794921875, 809.057373046875, 3481.663818359375, 2275.415283203125]
[810.1246337890625, 1818.8468017578125, 799.00732421875, 3422.607666015625, 2275.18115234375]
[784.3006591796875, 1752.4505615234375, 777.752685546875, 3343.85205078125, 2274.778564453125]
[768.1180419921875, 1711.135986328125, 760.8966674804688, 3326.369873046875, 2274.534912109375]
[763.85888671875, 1699.1448974609375, 753.8641967773438, 3260.256103515625, 2274.496826171875]
[753.509521484375, 1673.8348388671875, 741.5964965820312, 3201.14990234375, 2274.447509765625]
[741.079345703125, 1643.4271240234375, 731.6929931640625, 3168.06591796875, 2274.329345703125]
[717.0955200195312, 1585.724609375, 716.158935546875, 3115.88525390625, 2274.1396484375]
[691.2549438476562, 1524.3759765625, 703.4661865234375, 3113.89892578125, 2273.869873046875]
[696.6578979492188, 1526.982421875, 701.6768188476562, 3048.337158203125, 2273.755615234375]
[672.86669921875, 1480.5093994140625, 700.5709228515625, 3066.920166015625, 2273.7041015625]
[678.1740112304688, 1488.0638427734375, 698.2444458007812, 2996.8359375, 2273.6875]
[675.1664428710938, 1479.026123046875, 693.5806274414062, 2958.275390625, 2273.647705078125]
[666.513671875, 1458.8592529296875, 687.5267333984375, 2937.25732421875, 2273.5859375]
[648.4935913085938, 1419.56640625, 678.1516723632812, 2898.958740234375, 2273.43896484375]
[615.972900390625, 1352.3603515625, 661.7658081054688, 2876.9140625, 2273.283447265625]
[606.0118408203125, 1330.7840576171875, 657.2510375976562, 2814.5498046875, 2273.103271484375]
[601.0079956054688, 1319.72802734375, 653.5558471679688, 2782.884521484375, 2273.009765625]
[591.2297973632812, 1300.29052734375, 647.2314453125, 2738.913330078125, 2272.85693359375]
[566.6976928710938, 1250.494384765625, 633.5619506835938, 2751.004638671875, 2272.59326171875]
[573.98046875, 1259.783447265625, 630.045166015625, 2652.433837890625, 2272.524658203125]
[558.7832641601562, 1235.9921875, 627.8862915039062, 2659.963134765625, 2272.435546875]
[559.7018432617188, 1234.25439453125, 625.148681640625, 2625.52978515625, 2272.401123046875]
[553.9097290039062, 1219.8134765625, 619.4385986328125, 2600.083740234375, 2272.29052734375]
[544.3341064453125, 1199.027587890625, 612.3316040039062, 2574.239013671875, 2272.130126953125]
[525.3263549804688, 1161.218505859375, 599.99609375, 2523.097412109375, 2271.8994140625]
[502.909423828125, 1113.648681640625, 585.82666015625, 2566.359619140625, 2271.3876953125]
[504.7953186035156, 1117.0928955078125, 585.71923828125, 2445.47314453125, 2271.521484375]
[501.0845642089844, 1111.17529296875, 585.1727905273438, 2419.683837890625, 2271.545166015625]
[500.71722412109375, 1106.7071533203125, 584.2852783203125, 2382.6728515625, 2271.53759765625]
[486.57196044921875, 1080.707275390625, 579.7171630859375, 2374.30419921875, 2271.419921875]
[481.4044494628906, 1066.0748291015625, 575.2035522460938, 2338.085693359375, 2271.2607421875]
[468.7825622558594, 1042.4927978515625, 568.495361328125, 2315.809326171875, 2271.060546875]
[461.9544677734375, 1024.4488525390625, 561.5076293945312, 2295.562255859375, 2270.740234375]
[454.2869567871094, 1011.2999877929688, 557.567626953125, 2281.644287109375, 2270.57177734375]
[443.846923828125, 992.655029296875, 551.5369873046875, 2255.773193359375, 2270.3125]
[430.8335876464844, 971.8868408203125, 545.71435546875, 2241.43896484375, 2269.98779296875]
[429.8283996582031, 964.6224975585938, 541.230224609375, 2202.234130859375, 2269.829833984375]
[417.5697326660156, 946.3087158203125, 536.4189453125, 2198.183349609375, 2269.73388671875]
[420.0946350097656, 947.28466796875, 535.0816040039062, 2163.606201171875, 2269.7587890625]
[416.5259094238281, 939.7535400390625, 531.23291015625, 2134.237548828125, 2269.676513671875]
[409.2599182128906, 925.404052734375, 523.8944091796875, 2111.02392578125, 2269.516845703125]
[399.1192626953125, 908.345703125, 516.9287109375, 2104.608642578125, 2269.213134765625]
[395.6299133300781, 901.2183227539062, 513.4947509765625, 2081.6484375, 2269.1025390625]
[390.4189758300781, 890.2136840820312, 508.3629455566406, 2058.41357421875, 2268.884521484375]
[386.7522277832031, 882.1209106445312, 504.5707092285156, 2041.0013427734375, 2268.75927734375]
[383.7323913574219, 874.9524536132812, 500.7586364746094, 2017.4605712890625, 2268.6279296875]
[377.96014404296875, 863.8329467773438, 495.526611328125, 1996.3948974609375, 2268.470458984375]
[375.004638671875, 855.2703857421875, 490.9455871582031, 1973.509033203125, 2268.3388671875]
[365.9634094238281, 840.67138671875, 484.9449157714844, 1969.7408447265625, 2268.150390625]
[365.5377197265625, 833.6624145507812, 480.59033203125, 1948.337646484375, 2268.02734375]
[359.73760986328125, 824.7803955078125, 477.2508239746094, 1935.055908203125, 2267.877197265625]
[356.73541259765625, 818.6275024414062, 474.1546630859375, 1911.817138671875, 2267.7470703125]
[352.370361328125, 809.7814331054688, 469.641357421875, 1883.5238037109375, 2267.5517578125]
[347.9176330566406, 798.6824340820312, 462.9334411621094, 1862.619384765625, 2267.342041015625]
[346.547607421875, 794.9614868164062, 460.5819091796875, 1842.6446533203125, 2267.296630859375]
[343.0700378417969, 788.7880859375, 457.22802734375, 1834.7296142578125, 2267.205078125]
[341.3553161621094, 784.6474609375, 453.98651123046875, 1813.4786376953125, 2267.145751953125]
[333.8959045410156, 772.8983154296875, 446.697509765625, 1796.6019287109375, 2266.921875]
[333.24957275390625, 768.7056274414062, 443.5425720214844, 1773.987060546875, 2266.843994140625]
[327.8531799316406, 759.7261962890625, 438.4051208496094, 1761.1163330078125, 2266.6259765625]
[326.1635437011719, 753.6271362304688, 435.0190734863281, 1744.1973876953125, 2266.448974609375]
[323.1929626464844, 748.24951171875, 431.9454345703125, 1729.7789306640625, 2266.302001953125]
[320.3858642578125, 741.1013793945312, 427.0606689453125, 1710.952392578125, 2266.06689453125]
[312.2251892089844, 729.566162109375, 419.55841064453125, 1707.7626953125, 2265.82470703125]
[314.3134765625, 727.4193115234375, 417.3260803222656, 1679.4423828125, 2265.768798828125]
[311.5950927734375, 722.81787109375, 414.5792236328125, 1668.5836181640625, 2265.633544921875]
[310.5699768066406, 720.1117553710938, 412.79248046875, 1656.985595703125, 2265.574462890625]
[308.2481689453125, 715.2599487304688, 409.9424133300781, 1644.7923583984375, 2265.4697265625]
[305.351806640625, 707.0313720703125, 404.608642578125, 1624.6953125, 2265.227294921875]
[302.0007019042969, 699.8280029296875, 400.3232116699219, 1614.5814208984375, 2265.08935546875]
[301.4825134277344, 697.1157836914062, 398.4341735839844, 1597.5206298828125, 2265.010986328125]
[299.83056640625, 693.0328369140625, 395.3381042480469, 1583.3060302734375, 2264.880126953125]
[297.7383117675781, 687.8558959960938, 391.45330810546875, 1570.0614013671875, 2264.736328125]
[294.9046325683594, 680.1192626953125, 385.48468017578125, 1557.7449951171875, 2264.5146484375]
[291.5284118652344, 674.765625, 381.6490478515625, 1551.564697265625, 2264.321533203125]
[292.8589782714844, 673.9791870117188, 381.2568054199219, 1538.6798095703125, 2264.29736328125]
[290.51953125, 669.9766845703125, 378.3914489746094, 1530.8985595703125, 2264.144775390625]
[288.9773864746094, 666.7416381835938, 376.13653564453125, 1518.40673828125, 2263.987060546875]
[286.5516357421875, 659.7418823242188, 371.0602111816406, 1505.16357421875, 2263.728515625]
[283.827880859375, 653.1683349609375, 366.2592468261719, 1493.4296875, 2263.45849609375]
[282.28460693359375, 647.7962646484375, 362.3756103515625, 1481.890380859375, 2263.304931640625]
[280.6309509277344, 641.8653564453125, 358.2813415527344, 1470.384521484375, 2263.1318359375]
[278.8550109863281, 637.1295776367188, 354.9637451171875, 1457.775146484375, 2262.962158203125]
[276.8508605957031, 631.3564453125, 351.21893310546875, 1450.3531494140625, 2262.726318359375]
[277.30615234375, 630.3135375976562, 350.603759765625, 1436.9649658203125, 2262.6298828125]
[274.3105163574219, 626.60009765625, 347.9200744628906, 1433.080322265625, 2262.396240234375]
[274.6054382324219, 625.7302856445312, 347.4364929199219, 1418.4832763671875, 2262.33935546875]
[273.39678955078125, 621.1769409179688, 344.39349365234375, 1399.5328369140625, 2262.131591796875]
[271.6898193359375, 613.69873046875, 339.67218017578125, 1390.9150390625, 2261.819580078125]
[269.6231994628906, 607.7849731445312, 335.7833557128906, 1380.4693603515625, 2261.57470703125]
[267.65936279296875, 601.5140991210938, 331.7362365722656, 1368.99853515625, 2261.32421875]
[265.6133117675781, 595.3386840820312, 328.0520324707031, 1360.845458984375, 2261.02880859375]
[264.17779541015625, 590.1693115234375, 325.0407409667969, 1350.1534423828125, 2260.8076171875]
[262.8670349121094, 586.1193237304688, 322.8046875, 1338.4237060546875, 2260.57080078125]
[260.7474670410156, 579.985595703125, 319.5912170410156, 1324.8834228515625, 2260.225830078125]
[260.0259094238281, 576.3555908203125, 317.6564636230469, 1313.328125, 2259.9921875]
[257.8479309082031, 571.7183837890625, 315.1746520996094, 1311.7933349609375, 2259.71337890625]
[258.23590087890625, 569.751708984375, 314.2196350097656, 1301.9427490234375, 2259.639404296875]
[257.4919738769531, 567.9750366210938, 313.18798828125, 1295.319580078125, 2259.549072265625]
[255.84689331054688, 563.1939086914062, 310.5658264160156, 1286.378662109375, 2259.286865234375]
[254.61912536621094, 559.2453002929688, 308.3633117675781, 1276.4110107421875, 2259.05517578125]
[251.84783935546875, 550.3598022460938, 303.7044372558594, 1269.1529541015625, 2258.49462890625]
[251.41891479492188, 548.0790405273438, 302.2342834472656, 1256.7947998046875, 2258.368896484375]
[250.8257293701172, 546.2025756835938, 301.32220458984375, 1252.7047119140625, 2258.253662109375]
[249.7998809814453, 542.1936645507812, 299.2665710449219, 1240.203125, 2258.01220703125]
