
[1301446.875, 11965600.0, 7174557.5, 268934336.0, 0.0]
[1301446.75, 11965600.0, 7174557.0, 268934272.0, 2.634084061980957e-10]
[1301438.625, 11965133.0, 7173071.5, 268842944.0, 0.00012500771845225245]
[1296642.25, 11678059.0, 6358308.0, 221927008.0, 36.589256286621094]
[1269912.5, 10241021.0, 3791228.5, 117034632.0, 557.3983764648438]
[1246300.5, 9555068.0, 2853353.0, 74981456.0, 827.6019287109375]
[1219042.5, 8977309.0, 2219553.75, 50507696.0, 1053.4747314453125]
[1194327.25, 8671301.0, 1940273.875, 37350372.0, 1239.63720703125]
[1166236.875, 8373740.0, 1681980.375, 27930968.0, 1361.2987060546875]
[1119466.0, 7980416.5, 1377763.125, 18839414.0, 1515.643798828125]
[1080973.125, 7626612.0, 1173873.25, 13630309.0, 1606.9521484375]
[1060860.625, 7348980.0, 1071266.375, 10647472.0, 1617.7716064453125]
[1016814.5, 6918061.5, 907185.0, 7713227.5, 1682.1363525390625]
[959766.25, 6370817.5, 750194.4375, 6090832.0, 1728.877685546875]
[912000.8125, 6037674.5, 664207.0, 5046784.0, 1810.055419921875]
[905797.25, 5808503.0, 627872.0625, 4170759.75, 1779.5625]
[870136.5625, 5449948.0, 559330.9375, 3612324.75, 1793.962158203125]
[834163.0625, 5093367.0, 502411.125, 3099145.5, 1803.951904296875]
[772619.5625, 4604083.5, 434922.84375, 2700622.0, 1855.46875]
[742844.25, 4285761.5, 396263.0, 2086124.75, 1837.5001220703125]
[700864.625, 4017639.25, 362416.0625, 2098883.0, 1862.036865234375]
[685539.25, 3873180.25, 341749.8125, 1686074.25, 1885.25341796875]
[662972.5625, 3703504.5, 322472.125, 1494163.375, 1896.75341796875]
[608985.0, 3360708.75, 282991.65625, 1471430.875, 1935.1331787109375]
[584871.1875, 3153013.75, 260816.15625, 1231283.875, 1962.3065185546875]
[547863.4375, 2956292.5, 239102.625, 1140821.875, 2006.172119140625]
[542956.0625, 2911899.5, 231938.84375, 1063615.375, 2025.003173828125]
[526648.25, 2811628.0, 222560.765625, 967462.4375, 2032.87646484375]
[484220.125, 2558386.75, 201067.109375, 961808.5625, 2055.2724609375]
[467995.25, 2431635.0, 190280.71875, 852103.25, 2057.460205078125]
[392629.09375, 2037959.75, 162484.421875, 1096609.375, 2115.910888671875]
[408563.15625, 2069028.375, 161387.421875, 688780.5, 2095.73193359375]
[383492.9375, 1922265.0, 151479.984375, 646469.125, 2107.7451171875]
[312338.6875, 1559669.875, 135965.203125, 1131853.0, 2147.727294921875]
[338492.84375, 1652096.0, 134510.71875, 626592.125, 2121.419189453125]
[327900.59375, 1588500.5, 131177.296875, 565847.5, 2126.696533203125]
[303016.28125, 1453570.5, 124493.6640625, 577480.375, 2137.377685546875]
[249332.796875, 1185816.375, 116550.828125, 878454.6875, 2158.789306640625]
[260483.25, 1218277.375, 111638.4609375, 528784.3125, 2152.266357421875]
[250870.4375, 1160441.125, 109153.65625, 493793.53125, 2149.99365234375]
[217835.890625, 994747.625, 103434.78125, 540254.375, 2158.560791015625]
[197261.078125, 888468.8125, 97363.6171875, 531573.5, 2168.57763671875]
[188248.453125, 840385.5, 93814.8046875, 438659.5, 2168.9306640625]
[167066.0, 747049.5, 91970.9140625, 513748.21875, 2175.742431640625]
[159492.046875, 702737.0625, 85749.7421875, 459728.5625, 2181.9033203125]
[148418.484375, 655027.0, 84197.265625, 420198.25, 2192.543212890625]
[136880.8125, 605909.4375, 81911.328125, 435741.09375, 2207.192138671875]
[133182.90625, 585893.8125, 78324.3671875, 398833.375, 2217.568115234375]
[119257.1875, 525450.625, 75558.1796875, 389391.90625, 2232.57958984375]
[115940.640625, 506436.25, 71510.671875, 362825.1875, 2241.786376953125]
[113080.859375, 493308.09375, 71156.125, 336718.5, 2242.71044921875]
[107232.921875, 466519.6875, 69892.75, 324527.53125, 2248.479248046875]
[106952.984375, 461418.28125, 67944.65625, 303591.125, 2247.126953125]
[96739.3046875, 416328.6875, 65083.7109375, 319481.09375, 2262.871337890625]
[97713.0625, 417864.8125, 63565.77734375, 275214.71875, 2261.619873046875]
[94758.4296875, 403026.25, 61667.00390625, 260901.125, 2265.29638671875]
[88115.421875, 372690.1875, 59027.80078125, 262127.078125, 2277.961181640625]
[84385.7734375, 353712.59375, 56057.6484375, 252219.375, 2287.143798828125]
[82964.0078125, 345989.34375, 55068.234375, 234077.0, 2289.226806640625]
[79081.0, 327745.875, 53428.390625, 228697.890625, 2297.8388671875]
[78735.515625, 321531.1875, 51167.54296875, 221060.28125, 2297.826416015625]
[73727.8046875, 300560.375, 50138.78125, 214065.0, 2307.08544921875]
[72065.5, 293010.4375, 49013.859375, 200981.359375, 2311.404296875]
[70834.4296875, 285772.40625, 47773.2890625, 189085.578125, 2312.42626953125]
[67210.1875, 269003.40625, 46330.30859375, 189034.96875, 2320.28515625]
[64742.31640625, 253483.25, 43900.25390625, 178559.5625, 2323.717041015625]
[60982.41015625, 236826.53125, 43338.9921875, 187908.421875, 2332.9404296875]
[62375.08203125, 239017.390625, 41988.41796875, 168796.328125, 2327.571533203125]
[60532.2578125, 230339.421875, 40955.19140625, 160766.0625, 2332.01123046875]
[58333.1640625, 220269.5625, 40195.3203125, 157689.8125, 2337.17919921875]
[55363.85546875, 205604.5, 38727.546875, 150815.125, 2343.843017578125]
[54345.91796875, 197961.390625, 36998.984375, 143417.390625, 2343.82080078125]
[53179.40234375, 190762.6875, 35987.86328125, 140662.53125, 2345.892578125]
[51618.6640625, 181584.9375, 34907.9453125, 140468.265625, 2347.748779296875]
[50257.6640625, 171503.9375, 32992.1953125, 140861.71875, 2347.3486328125]
[46114.96484375, 152305.078125, 32705.341796875, 203348.234375, 2355.01806640625]
[49178.81640625, 165593.640625, 32372.345703125, 130771.34375, 2346.85400390625]
[48735.06640625, 163790.109375, 32110.251953125, 126318.0078125, 2349.352294921875]
[47755.515625, 158915.6875, 31633.736328125, 124796.625, 2350.920166015625]
[46046.45703125, 149897.984375, 30748.443359375, 125164.265625, 2353.136962890625]
[45392.3359375, 146092.78125, 30187.85546875, 117921.109375, 2352.449951171875]
[44641.95703125, 141240.390625, 29093.458984375, 110939.8828125, 2353.188232421875]
[43902.8671875, 137119.109375, 28520.140625, 109432.8515625, 2353.95947265625]
[42629.0390625, 130169.6796875, 27404.49609375, 107147.1875, 2354.72216796875]
[41482.74609375, 124075.3984375, 26396.193359375, 106929.078125, 2356.869140625]
[40514.7578125, 119289.8203125, 25901.841796875, 106594.8203125, 2359.03857421875]
[40746.01171875, 119662.5234375, 24974.92578125, 115008.421875, 2359.250732421875]
[40371.56640625, 118186.4140625, 25331.8671875, 99194.8828125, 2359.9814453125]
[40074.69921875, 116659.6484375, 25196.853515625, 98201.546875, 2361.026611328125]
[39416.69140625, 113012.7734375, 24698.0859375, 96331.4765625, 2363.564453125]
[38921.921875, 110056.5390625, 24111.13671875, 93178.671875, 2365.39306640625]
[37599.03515625, 102590.140625, 23086.978515625, 92515.59375, 2369.254638671875]
[37441.55859375, 100968.9609375, 22130.978515625, 88949.6171875, 2370.109130859375]
[36879.80859375, 98294.6796875, 22021.8203125, 87406.734375, 2371.709228515625]
[36920.734375, 98201.078125, 21987.4296875, 84401.7734375, 2370.1396484375]
[36643.640625, 96559.4375, 21684.623046875, 83339.5078125, 2370.98193359375]
[35874.29296875, 91911.359375, 20904.021484375, 83016.3125, 2373.401611328125]
[35529.16015625, 89487.8359375, 20392.365234375, 80906.5859375, 2374.129150390625]
[34477.83203125, 83297.8203125, 19770.82421875, 84413.8828125, 2377.360595703125]
[34774.0, 83641.2890625, 19173.76953125, 79437.8203125, 2374.620361328125]
[34593.828125, 82794.1328125, 19176.341796875, 76517.8203125, 2374.596923828125]
[34254.80078125, 80897.9296875, 18970.8671875, 75685.0625, 2375.422607421875]
[34057.984375, 79525.15625, 18726.39453125, 73927.3671875, 2374.783447265625]
[33763.421875, 77246.0, 18125.45703125, 71618.6171875, 2375.06298828125]
[33409.2109375, 74830.375, 17789.482421875, 70782.7890625, 2374.78515625]
[33270.04296875, 73740.171875, 17514.447265625, 69213.53125, 2375.144287109375]
[32509.9609375, 69498.03125, 17015.2890625, 71876.9375, 2378.46923828125]
[32594.951171875, 69574.75, 16781.017578125, 67409.453125, 2377.50634765625]
[32464.37890625, 68867.2109375, 16669.75390625, 65900.3984375, 2377.681396484375]
[31998.91015625, 66490.34375, 16396.267578125, 65536.8359375, 2378.256591796875]
[31976.9296875, 66075.640625, 16188.1982421875, 63391.82421875, 2377.821533203125]
[31683.169921875, 64309.75390625, 15820.58984375, 61784.8671875, 2377.73828125]
[31261.9140625, 61988.6328125, 15399.265625, 61422.96875, 2378.2333984375]
[31140.0390625, 60936.34765625, 15028.9365234375, 60324.890625, 2377.51708984375]
[30881.1328125, 59645.1015625, 14813.150390625, 59745.2890625, 2378.080322265625]
[30655.58984375, 58265.1171875, 14475.130859375, 58528.25, 2377.708251953125]
[30489.373046875, 57422.7265625, 14306.732421875, 57974.6796875, 2377.80322265625]
[30408.24609375, 56836.79296875, 14128.49609375, 56727.08984375, 2377.3173828125]
[30150.12109375, 55617.16796875, 13924.546875, 56520.390625, 2377.4033203125]
[29926.529296875, 54452.98828125, 13636.4423828125, 55261.83203125, 2378.22265625]
[29625.03125, 53103.50390625, 13385.7265625, 54149.0, 2378.855712890625]
[29404.759765625, 52130.01953125, 13181.578125, 53119.56640625, 2379.83349609375]
[29177.826171875, 51098.796875, 12927.015625, 51748.625, 2380.625732421875]
[28657.67578125, 49010.3828125, 12551.7197265625, 52888.09765625, 2382.502685546875]
[28753.36328125, 49281.8828125, 12493.4892578125, 50591.27734375, 2381.736083984375]
[28545.236328125, 48477.06640625, 12363.361328125, 49800.94921875, 2381.91357421875]
[28362.888671875, 47730.9296875, 12203.5810546875, 49362.8984375, 2382.722412109375]
[28100.837890625, 46655.3515625, 11976.4609375, 49337.875, 2383.70703125]
[27880.626953125, 45756.125, 11772.787109375, 48765.6796875, 2384.74853515625]
[27305.84375, 43566.7265625, 11386.375, 48741.33984375, 2386.76220703125]
[27162.05078125, 42924.60546875, 11170.5458984375, 47620.1953125, 2387.947998046875]
[26872.302734375, 41962.640625, 11059.0322265625, 47315.03125, 2389.4560546875]
[26737.08984375, 41484.4296875, 10985.4912109375, 46056.14453125, 2389.439208984375]
[26585.712890625, 40931.20703125, 10865.6650390625, 45292.08203125, 2390.2412109375]
[26221.73828125, 39646.30078125, 10615.736328125, 44442.625, 2392.294921875]
[25698.16796875, 37880.84765625, 10274.361328125, 45073.69140625, 2395.328857421875]
[25694.07421875, 37807.3984375, 10206.322265625, 43402.02734375, 2395.07373046875]
[25199.353515625, 36343.1640625, 10110.68359375, 44813.29296875, 2398.044677734375]
[25318.115234375, 36623.9765625, 10054.2568359375, 42560.55078125, 2397.049560546875]
[25172.85546875, 36156.54296875, 9965.015625, 42203.140625, 2397.7392578125]
[24900.423828125, 35320.3203125, 9844.3525390625, 42125.09375, 2399.18798828125]
[24584.71484375, 34352.9453125, 9694.6572265625, 41475.37109375, 2400.90087890625]
[23960.326171875, 32504.69140625, 9411.9248046875, 41569.078125, 2404.204833984375]
[23946.0625, 32274.453125, 9221.6767578125, 40241.078125, 2402.9755859375]
[23788.51953125, 31852.330078125, 9192.046875, 39721.83203125, 2404.13232421875]
[23734.646484375, 31667.65234375, 9122.6220703125, 38999.87890625, 2404.342529296875]
[23518.107421875, 31047.65625, 9029.9296875, 38967.390625, 2405.275634765625]
[23258.916015625, 30268.94921875, 8867.5595703125, 38376.015625, 2405.791259765625]
[22908.435546875, 29282.94921875, 8682.1787109375, 38155.8515625, 2406.706298828125]
[22780.798828125, 28886.826171875, 8574.5478515625, 37257.60546875, 2406.585693359375]
[22464.845703125, 28068.673828125, 8485.4931640625, 37524.734375, 2407.842041015625]
[22332.12109375, 27656.75390625, 8350.9326171875, 36856.58984375, 2407.489990234375]
[22066.8828125, 26980.900390625, 8252.3798828125, 36534.39453125, 2408.107666015625]
[21744.412109375, 26176.787109375, 8096.9189453125, 36132.53515625, 2408.5302734375]
[21635.93359375, 25865.37109375, 7968.7373046875, 35585.6953125, 2408.181396484375]
[21451.005859375, 25432.841796875, 7883.2197265625, 34886.50390625, 2408.801513671875]
[21219.744140625, 24887.412109375, 7741.49658203125, 34061.08984375, 2409.316650390625]
[20951.390625, 24306.314453125, 7659.408203125, 34341.71875, 2410.96630859375]
[20998.865234375, 24363.734375, 7609.8466796875, 33461.30078125, 2410.77001953125]
[20767.873046875, 23874.228515625, 7534.2294921875, 33302.66796875, 2411.08642578125]
[20650.408203125, 23616.591796875, 7472.78515625, 33090.93359375, 2411.50927734375]
[20425.271484375, 23121.23046875, 7347.4755859375, 32846.72265625, 2411.92529296875]
[20244.34375, 22728.15234375, 7241.74169921875, 32506.8515625, 2412.12646484375]
[19852.380859375, 21929.634765625, 7055.26708984375, 32456.90625, 2412.5546875]
[19835.654296875, 21824.83203125, 6948.20361328125, 31757.435546875, 2412.172607421875]
[19504.255859375, 21271.5078125, 6887.74609375, 32008.421875, 2413.710693359375]
[19561.201171875, 21355.482421875, 6889.23828125, 31012.107421875, 2413.485107421875]
[19480.798828125, 21193.826171875, 6841.98681640625, 30610.951171875, 2413.810302734375]
[19298.38671875, 20838.40625, 6740.69580078125, 30250.416015625, 2414.384033203125]
[18867.19921875, 20076.482421875, 6558.791015625, 30564.513671875, 2416.237548828125]
[18839.201171875, 19977.814453125, 6494.421875, 29812.1953125, 2416.094482421875]
[18690.2578125, 19720.26171875, 6429.8408203125, 29825.8203125, 2416.44873046875]
[18663.7265625, 19634.30859375, 6372.3388671875, 29481.236328125, 2416.32373046875]
[18492.7421875, 19358.015625, 6315.1484375, 29286.61328125, 2417.121337890625]
[18241.08984375, 18962.1484375, 6229.59228515625, 28950.515625, 2418.327392578125]
[18162.1484375, 18813.58984375, 6174.9189453125, 28519.916015625, 2418.458984375]
[18043.078125, 18604.328125, 6106.78662109375, 28193.70703125, 2418.781982421875]
[17799.69140625, 18213.01171875, 5995.31005859375, 28028.421875, 2419.4794921875]
[17596.427734375, 17854.1640625, 5864.6064453125, 27845.08203125, 2420.333984375]
[17391.6015625, 17566.07421875, 5803.7529296875, 27465.32421875, 2420.923828125]
[17383.818359375, 17540.05859375, 5783.2783203125, 26940.974609375, 2420.549072265625]
[17148.484375, 17220.537109375, 5728.556640625, 27078.31640625, 2421.66845703125]
[17156.576171875, 17214.390625, 5712.62060546875, 26503.3671875, 2421.5048828125]
[16997.048828125, 16966.708984375, 5632.7265625, 26017.21484375, 2421.890625]
[16732.650390625, 16582.05859375, 5525.93701171875, 25783.46484375, 2422.570556640625]
[16247.1201171875, 15930.8564453125, 5351.75146484375, 26837.447265625, 2424.743896484375]
[16366.5771484375, 16029.93359375, 5349.83740234375, 25468.36328125, 2423.52001953125]
[16248.79296875, 15881.7294921875, 5325.58251953125, 25456.2265625, 2423.904541015625]
[16206.2490234375, 15798.7041015625, 5287.56787109375, 25146.82421875, 2423.98779296875]
[16000.4560546875, 15504.8681640625, 5201.48486328125, 25053.5703125, 2424.83203125]
[15758.869140625, 15171.736328125, 5101.51123046875, 25046.927734375, 2425.9384765625]
[15666.7509765625, 15039.0888671875, 5060.12841796875, 24607.634765625, 2426.331298828125]
[15501.30078125, 14827.390625, 5004.4306640625, 24383.478515625, 2426.82080078125]
[15426.3359375, 14714.3076171875, 4965.15380859375, 24214.662109375, 2427.156494140625]
[15125.4365234375, 14349.6484375, 4877.01220703125, 24363.564453125, 2428.265625]
[15116.236328125, 14253.6484375, 4818.89013671875, 24094.958984375, 2427.92041015625]
[14908.2001953125, 13994.1455078125, 4755.35693359375, 23865.56640625, 2429.25439453125]
[14808.4619140625, 13870.98828125, 4726.21826171875, 23696.92578125, 2429.653076171875]
[14700.693359375, 13713.62890625, 4680.0458984375, 23349.72265625, 2429.877685546875]
[14386.859375, 13310.1396484375, 4582.318359375, 23437.7578125, 2431.24072265625]
[14343.609375, 13217.544921875, 4545.18798828125, 22938.78125, 2431.07568359375]
[14137.974609375, 12969.576171875, 4491.927734375, 23089.646484375, 2432.0029296875]
[14105.80859375, 12891.4248046875, 4458.50634765625, 22834.41015625, 2432.1201171875]
[13974.76171875, 12731.564453125, 4425.21435546875, 22666.857421875, 2432.7822265625]
[13696.1630859375, 12397.9599609375, 4357.416015625, 22574.142578125, 2434.295654296875]
[13698.78125, 12365.1845703125, 4334.41552734375, 22178.251953125, 2433.92431640625]
[13617.7822265625, 12255.443359375, 4301.7451171875, 21947.005859375, 2434.18310546875]
[13405.673828125, 11994.34375, 4238.32080078125, 21803.86328125, 2434.989013671875]
[13275.28515625, 11811.9716796875, 4180.43701171875, 21735.97265625, 2435.333984375]
[13147.35546875, 11667.3662109375, 4154.63330078125, 21529.111328125, 2436.09765625]
[13088.3759765625, 11590.087890625, 4130.3623046875, 21185.12109375, 2436.496826171875]
[12888.2587890625, 11373.515625, 4100.2705078125, 21403.515625, 2437.71044921875]
[12917.67578125, 11397.6728515625, 4096.283203125, 21047.83984375, 2437.52099609375]
[12841.330078125, 11303.7626953125, 4066.052490234375, 20677.26171875, 2437.937255859375]
[12683.6015625, 11123.38671875, 4021.6923828125, 20480.953125, 2438.82177734375]
[12370.6669921875, 10795.3125, 3959.2109375, 20643.513671875, 2440.44775390625]
[12323.478515625, 10731.5234375, 3936.85302734375, 20376.9296875, 2440.591796875]
[12192.376953125, 10578.033203125, 3897.383544921875, 20211.45703125, 2441.018310546875]
[12071.265625, 10429.4736328125, 3854.391845703125, 20011.58984375, 2441.2607421875]
[11664.2880859375, 10040.5068359375, 3788.15185546875, 20679.18359375, 2442.9814453125]
[11814.4072265625, 10131.53125, 3766.291748046875, 19818.259765625, 2441.479736328125]
[11741.4873046875, 10061.0029296875, 3756.824951171875, 19662.919921875, 2442.1630859375]
[11652.1904296875, 9977.892578125, 3740.8203125, 19601.314453125, 2442.52197265625]
[11507.2578125, 9831.5693359375, 3703.953369140625, 19542.900390625, 2442.9482421875]
[11402.419921875, 9709.8505859375, 3663.599853515625, 19368.115234375, 2443.211181640625]
[11184.021484375, 9468.4443359375, 3589.246337890625, 19274.453125, 2443.74755859375]
[11137.693359375, 9383.5341796875, 3540.9677734375, 19010.29296875, 2443.854736328125]
[11027.2314453125, 9278.185546875, 3519.34375, 18957.33203125, 2444.457275390625]
[10952.8212890625, 9200.8291015625, 3495.818115234375, 18714.466796875, 2444.739990234375]
[10845.8994140625, 9100.9033203125, 3476.86474609375, 18653.46484375, 2445.44384765625]
[10811.193359375, 9062.3916015625, 3462.7470703125, 18426.185546875, 2445.55419921875]
[10683.248046875, 8937.826171875, 3426.65234375, 18334.517578125, 2445.977294921875]
[10422.439453125, 8689.291015625, 3350.341796875, 18375.068359375, 2446.787841796875]
[10365.6328125, 8616.4306640625, 3313.81005859375, 18051.58203125, 2446.472900390625]
[10268.140625, 8527.0, 3289.69384765625, 18020.62890625, 2446.802490234375]
[10212.884765625, 8459.080078125, 3257.6376953125, 17825.044921875, 2446.837646484375]
[10031.7822265625, 8299.3984375, 3218.471923828125, 17844.0, 2447.511962890625]
[9971.8076171875, 8239.6806640625, 3198.858642578125, 17597.80078125, 2447.63720703125]
[9831.576171875, 8112.72412109375, 3158.704345703125, 17497.29296875, 2448.432373046875]
[9788.1337890625, 8066.21923828125, 3141.583984375, 17318.775390625, 2448.36962890625]
[9637.220703125, 7937.82958984375, 3106.952880859375, 17369.7734375, 2448.8896484375]
[9514.1884765625, 7818.86669921875, 3063.974853515625, 17297.05078125, 2449.18798828125]
[9391.5576171875, 7721.6728515625, 3039.0908203125, 17231.298828125, 2449.798828125]
[9322.1298828125, 7662.6337890625, 3021.794677734375, 17022.220703125, 2450.127685546875]
[9135.263671875, 7534.81396484375, 2993.766357421875, 17068.5625, 2450.824462890625]
[9134.75390625, 7501.130859375, 2977.920166015625, 16772.5546875, 2450.33935546875]
[9060.4404296875, 7435.41259765625, 2959.662353515625, 16651.298828125, 2450.38134765625]
[8862.255859375, 7268.41162109375, 2913.130615234375, 16651.580078125, 2450.641845703125]
[8784.119140625, 7192.837890625, 2887.288330078125, 16506.04296875, 2450.519775390625]
[8693.6025390625, 7113.30419921875, 2859.460205078125, 16374.98046875, 2450.6376953125]
[8516.318359375, 6974.15869140625, 2816.28466796875, 16340.263671875, 2451.05078125]
[8501.12109375, 6934.013671875, 2791.849365234375, 16251.3427734375, 2450.83349609375]
[8355.5126953125, 6842.2373046875, 2770.899169921875, 16193.3056640625, 2451.376953125]
[8321.6396484375, 6812.48388671875, 2763.258056640625, 16011.5703125, 2451.402099609375]
[8263.533203125, 6765.1083984375, 2749.5986328125, 15914.755859375, 2451.4619140625]
[8212.779296875, 6711.125, 2730.216552734375, 15797.6279296875, 2451.532958984375]
[8042.6748046875, 6578.265625, 2690.647216796875, 15763.490234375, 2451.891845703125]
[7983.18359375, 6508.3857421875, 2664.340576171875, 15591.81640625, 2451.9794921875]
[7847.041015625, 6409.427734375, 2634.38427734375, 15613.203125, 2452.411865234375]
[7829.990234375, 6382.59619140625, 2620.955078125, 15434.796875, 2452.282958984375]
[7755.9931640625, 6329.5244140625, 2604.47802734375, 15380.19921875, 2452.5244140625]
[7721.9453125, 6299.69287109375, 2590.9189453125, 15216.41015625, 2452.61669921875]
[7620.3037109375, 6226.50634765625, 2567.088134765625, 15163.357421875, 2452.78076171875]
[7555.86279296875, 6167.1142578125, 2544.681640625, 15003.7802734375, 2452.908203125]
[7431.83056640625, 6064.48876953125, 2510.496826171875, 14904.8115234375, 2453.221923828125]
[7260.88330078125, 5921.310546875, 2465.591552734375, 15005.232421875, 2453.499755859375]
[7276.0986328125, 5915.68701171875, 2458.834716796875, 14718.1279296875, 2453.624755859375]
[7123.701171875, 5825.27783203125, 2434.110595703125, 14899.998046875, 2454.462646484375]
[7170.84716796875, 5842.46728515625, 2436.382568359375, 14611.47265625, 2454.089599609375]
[7142.533203125, 5814.8583984375, 2426.501953125, 14549.0458984375, 2454.126708984375]
[7072.474609375, 5757.2822265625, 2407.449951171875, 14496.51171875, 2454.337646484375]
[6937.9697265625, 5652.296875, 2373.202392578125, 14373.8876953125, 2454.793212890625]
[6746.462890625, 5505.1630859375, 2327.073486328125, 14553.4072265625, 2455.341552734375]
[6784.91552734375, 5521.26416015625, 2329.256591796875, 14199.3388671875, 2455.275390625]
[6732.6513671875, 5486.6650390625, 2318.9462890625, 14195.732421875, 2455.515625]
[6717.876953125, 5469.2431640625, 2311.734619140625, 14100.1201171875, 2455.499267578125]
[6632.115234375, 5401.373046875, 2289.4375, 14047.2451171875, 2455.7314453125]
[6503.27978515625, 5300.52880859375, 2254.84375, 14112.9111328125, 2455.936767578125]
[6492.56396484375, 5286.98876953125, 2250.45263671875, 13905.84765625, 2455.82080078125]
[6451.2939453125, 5253.95703125, 2240.573486328125, 13844.083984375, 2455.916015625]
[6403.923828125, 5214.3251953125, 2227.89013671875, 13767.78515625, 2455.85546875]
[6282.3291015625, 5125.734375, 2201.980224609375, 13755.4169921875, 2456.092529296875]
[6253.57763671875, 5089.56787109375, 2188.288330078125, 13621.017578125, 2455.794677734375]
[6108.0546875, 5004.484375, 2166.3623046875, 13769.6435546875, 2456.063720703125]
[6155.20751953125, 5027.48974609375, 2170.115234375, 13499.9853515625, 2456.008056640625]
[6131.0146484375, 5007.09033203125, 2163.197021484375, 13409.9716796875, 2456.1669921875]
[6085.96826171875, 4972.25048828125, 2151.923095703125, 13348.1552734375, 2456.3369140625]
[5957.31689453125, 4881.59423828125, 2126.42529296875, 13361.2802734375, 2456.572509765625]
[5894.255859375, 4829.146484375, 2109.29248046875, 13270.89453125, 2456.546875]
[5857.55810546875, 4795.64599609375, 2098.174560546875, 13223.8486328125, 2456.40283203125]
[5768.54052734375, 4726.8720703125, 2077.33935546875, 13165.0830078125, 2456.401123046875]
[5711.521484375, 4665.2509765625, 2051.5673828125, 13101.86328125, 2455.943359375]
[5602.03466796875, 4597.3291015625, 2036.1185302734375, 13134.2255859375, 2456.4423828125]
[5646.01416015625, 4625.35009765625, 2041.8233642578125, 12949.7490234375, 2456.5283203125]
[5634.4501953125, 4617.76904296875, 2038.552734375, 12861.173828125, 2456.63330078125]
[5579.62451171875, 4578.29052734375, 2025.0106201171875, 12788.65625, 2456.856689453125]
[5506.92529296875, 4524.87451171875, 2006.8184814453125, 12725.98828125, 2457.0625]
[5386.685546875, 4435.13134765625, 1976.359375, 12777.71875, 2457.341552734375]
[5367.349609375, 4416.6904296875, 1967.887451171875, 12592.142578125, 2457.28173828125]
[5341.85693359375, 4394.80419921875, 1959.7589111328125, 12521.310546875, 2457.2294921875]
[5278.5693359375, 4346.6396484375, 1943.634033203125, 12467.3076171875, 2457.25732421875]
[5188.91259765625, 4271.45654296875, 1916.1505126953125, 12348.6806640625, 2457.3125]
[5039.728515625, 4170.455078125, 1887.6478271484375, 12432.6513671875, 2457.7998046875]
[5106.83251953125, 4196.95458984375, 1885.1656494140625, 12368.90625, 2457.453369140625]
[5072.92822265625, 4182.35693359375, 1884.7159423828125, 12173.9296875, 2457.68994140625]
[5042.47021484375, 4163.17626953125, 1880.2662353515625, 12175.923828125, 2457.82763671875]
[4998.8388671875, 4133.8271484375, 1872.623291015625, 12152.375, 2458.03759765625]
[4948.14990234375, 4095.27783203125, 1861.531982421875, 12064.8505859375, 2458.3046875]
[4872.70458984375, 4039.759521484375, 1845.1195068359375, 12007.4765625, 2458.60546875]
[4840.7470703125, 4006.540283203125, 1833.7349853515625, 11909.7568359375, 2458.7470703125]
[4798.35791015625, 3972.78662109375, 1823.1361083984375, 11881.36328125, 2458.829345703125]
[4720.833984375, 3914.229248046875, 1805.336669921875, 11836.3837890625, 2459.05419921875]
[4607.79833984375, 3836.28369140625, 1783.1435546875, 11879.2060546875, 2459.28125]
[4621.9814453125, 3838.289794921875, 1780.6787109375, 11748.87890625, 2459.198974609375]
[4541.791015625, 3794.3076171875, 1771.3935546875, 11830.908203125, 2459.7021484375]
[4573.94091796875, 3810.505126953125, 1773.2684326171875, 11667.3876953125, 2459.459228515625]
[4567.72509765625, 3804.98876953125, 1770.91845703125, 11611.6044921875, 2459.420166015625]
[4546.92822265625, 3790.268310546875, 1766.2686767578125, 11567.400390625, 2459.4873046875]
[4500.3798828125, 3758.4013671875, 1756.1783447265625, 11493.5166015625, 2459.6240234375]
[4396.71142578125, 3689.63623046875, 1734.0120849609375, 11437.31640625, 2460.22265625]
[4350.30322265625, 3656.973876953125, 1722.147216796875, 11356.3408203125, 2460.0830078125]
[4350.0927734375, 3650.078857421875, 1717.1165771484375, 11273.060546875, 2459.955810546875]
[4284.6708984375, 3607.58203125, 1703.3419189453125, 11277.7001953125, 2460.09716796875]
[4282.32177734375, 3592.56494140625, 1694.8924560546875, 11175.3173828125, 2459.9091796875]
[4237.57958984375, 3558.634765625, 1682.721435546875, 11112.873046875, 2459.987060546875]
[4153.8193359375, 3495.771484375, 1664.8184814453125, 11140.3359375, 2460.050537109375]
[4158.54296875, 3495.996337890625, 1662.9434814453125, 11022.884765625, 2460.076416015625]
[4126.78955078125, 3475.207763671875, 1656.6746826171875, 10979.146484375, 2460.3310546875]
[4089.685546875, 3446.1845703125, 1646.512451171875, 10910.1865234375, 2460.5517578125]
[4003.9033203125, 3390.430419921875, 1630.5384521484375, 10956.9091796875, 2461.068115234375]
[4004.3095703125, 3382.15771484375, 1623.9437255859375, 10808.2578125, 2461.04931640625]
[3975.010009765625, 3361.7548828125, 1616.2122802734375, 10764.9248046875, 2461.19189453125]
[3961.12255859375, 3350.058349609375, 1610.376953125, 10710.220703125, 2461.25537109375]
[3900.314453125, 3310.984619140625, 1597.8193359375, 10687.095703125, 2461.604248046875]
[3867.2724609375, 3285.000732421875, 1586.449951171875, 10601.99609375, 2461.752685546875]
[3835.33251953125, 3260.796630859375, 1577.6666259765625, 10550.5615234375, 2461.77294921875]
[3805.3173828125, 3239.181640625, 1570.807861328125, 10521.2041015625, 2461.866943359375]
[3776.293212890625, 3216.871337890625, 1561.9757080078125, 10460.8798828125, 2461.7685546875]
[3689.236083984375, 3160.233154296875, 1544.9879150390625, 10503.0634765625, 2462.0615234375]
[3691.949462890625, 3153.206787109375, 1539.3223876953125, 10403.6787109375, 2461.864501953125]
[3653.349609375, 3130.95556640625, 1531.6529541015625, 10372.37109375, 2461.983154296875]
[3622.892822265625, 3111.230712890625, 1524.902099609375, 10352.884765625, 2462.12353515625]
[3593.7841796875, 3089.50634765625, 1516.616455078125, 10287.1533203125, 2462.23193359375]
[3525.594482421875, 3039.271484375, 1498.681396484375, 10323.0615234375, 2462.541259765625]
[3536.466796875, 3042.37255859375, 1497.601318359375, 10147.7431640625, 2462.41455078125]
[3514.673828125, 3027.75048828125, 1492.89599609375, 10124.6923828125, 2462.526123046875]
[3508.710693359375, 3018.024658203125, 1488.39306640625, 10063.2548828125, 2462.5400390625]
[3453.074462890625, 2981.531982421875, 1476.8106689453125, 10048.3876953125, 2462.8466796875]
[3416.64306640625, 2948.157958984375, 1464.3277587890625, 10013.78515625, 2463.038818359375]
[3395.03466796875, 2935.22998046875, 1460.3099365234375, 9959.712890625, 2463.105712890625]
[3390.146484375, 2929.414306640625, 1457.5975341796875, 9911.73828125, 2463.0673828125]
[3355.7724609375, 2903.876708984375, 1448.6517333984375, 9890.8427734375, 2463.17919921875]
[3323.585205078125, 2870.310791015625, 1434.722412109375, 9826.6591796875, 2463.186279296875]
[3270.148193359375, 2829.74755859375, 1421.660400390625, 9816.87109375, 2463.44189453125]
[3260.06982421875, 2817.448486328125, 1416.7821044921875, 9754.1005859375, 2463.462158203125]
[3207.822998046875, 2781.6513671875, 1406.86083984375, 9755.7412109375, 2463.7216796875]
[3210.720703125, 2778.498291015625, 1405.3126220703125, 9667.376953125, 2463.594970703125]
[3187.4482421875, 2763.79638671875, 1401.4442138671875, 9628.7158203125, 2463.7080078125]
[3144.67529296875, 2737.41552734375, 1394.5692138671875, 9606.03515625, 2463.911865234375]
[3128.2177734375, 2722.337158203125, 1389.36279296875, 9542.7138671875, 2463.986328125]
[3069.356689453125, 2675.84521484375, 1374.856201171875, 9493.6142578125, 2464.41943359375]
[3058.435546875, 2658.507080078125, 1367.3614501953125, 9428.6044921875, 2464.398681640625]
[3021.85107421875, 2628.4609375, 1357.8944091796875, 9416.3515625, 2464.65771484375]
[2989.252685546875, 2597.197998046875, 1346.7056884765625, 9362.4609375, 2464.888427734375]
[2937.436279296875, 2560.450439453125, 1336.1451416015625, 9372.0751953125, 2465.150390625]
[2939.21240234375, 2557.95263671875, 1333.6165771484375, 9284.46484375, 2465.092041015625]
[2912.774169921875, 2539.71826171875, 1327.837646484375, 9250.576171875, 2465.186279296875]
[2895.372314453125, 2526.56982421875, 1323.3890380859375, 9213.2431640625, 2465.2314453125]
[2863.62158203125, 2500.902099609375, 1315.715576171875, 9181.8408203125, 2465.379638671875]
[2834.503662109375, 2476.33154296875, 1307.5772705078125, 9147.783203125, 2465.437744140625]
[2810.0224609375, 2455.833984375, 1301.7520751953125, 9122.2021484375, 2465.623291015625]
[2794.421875, 2440.565185546875, 1296.6258544921875, 9077.736328125, 2465.714599609375]
[2745.38916015625, 2409.21728515625, 1288.6102294921875, 9104.2490234375, 2466.133544921875]
[2753.127685546875, 2410.740478515625, 1286.722412109375, 9020.3876953125, 2466.044677734375]
[2733.71875, 2396.5244140625, 1282.0396728515625, 8982.197265625, 2466.11474609375]
[2716.6572265625, 2383.516357421875, 1277.467041015625, 8958.2041015625, 2466.170654296875]
[2684.330810546875, 2357.25732421875, 1269.417236328125, 8919.9560546875, 2466.25732421875]
[2657.254150390625, 2332.724365234375, 1260.154541015625, 8884.2451171875, 2466.2041015625]
[2644.4453125, 2320.831298828125, 1256.3875732421875, 8846.5029296875, 2466.227294921875]
[2618.26318359375, 2299.873291015625, 1250.24462890625, 8805.744140625, 2466.306640625]
[2584.724365234375, 2273.020751953125, 1240.761474609375, 8772.9228515625, 2466.418212890625]
[2558.74853515625, 2253.322265625, 1234.62841796875, 8728.3173828125, 2466.4638671875]
[2539.292236328125, 2238.29638671875, 1229.2275390625, 8693.9912109375, 2466.4892578125]
[2500.69677734375, 2212.46826171875, 1223.1072998046875, 8724.8212890625, 2466.684326171875]
[2500.662353515625, 2204.576904296875, 1217.2310791015625, 8677.4814453125, 2466.443603515625]
[2487.939208984375, 2196.45263671875, 1215.307861328125, 8633.5302734375, 2466.490234375]
[2465.18115234375, 2178.579833984375, 1210.5367431640625, 8611.00390625, 2466.56396484375]
[2453.107177734375, 2169.017578125, 1207.2906494140625, 8585.4755859375, 2466.52978515625]
[2421.773193359375, 2143.199951171875, 1198.814453125, 8555.7255859375, 2466.573486328125]
[2396.325439453125, 2124.941650390625, 1192.7862548828125, 8529.6982421875, 2466.65087890625]
[2382.996826171875, 2112.475341796875, 1187.4219970703125, 8487.7392578125, 2466.639892578125]
[2350.3447265625, 2087.534423828125, 1180.1920166015625, 8485.578125, 2466.821533203125]
[2355.2685546875, 2086.722900390625, 1176.7105712890625, 8429.5634765625, 2466.7509765625]
[2331.318603515625, 2069.373779296875, 1172.309814453125, 8409.240234375, 2466.767578125]
[2307.78466796875, 2051.806884765625, 1167.853271484375, 8379.1640625, 2466.853515625]
[2299.775390625, 2045.1427001953125, 1165.21533203125, 8340.291015625, 2466.81591796875]
[2270.551513671875, 2023.4732666015625, 1158.345458984375, 8309.3984375, 2466.922119140625]
[2238.465576171875, 1999.1114501953125, 1149.8758544921875, 8264.83203125, 2466.9619140625]
[2204.905517578125, 1973.635009765625, 1141.61083984375, 8233.2783203125, 2467.16552734375]
[2191.493408203125, 1961.5013427734375, 1137.5533447265625, 8199.443359375, 2467.257568359375]
[2185.13427734375, 1954.3779296875, 1134.6676025390625, 8160.71435546875, 2467.26611328125]
[2154.708251953125, 1931.75390625, 1128.369873046875, 8141.45849609375, 2467.38671875]
[2156.89599609375, 1925.6346435546875, 1123.288818359375, 8091.37744140625, 2467.192626953125]
[2123.8779296875, 1906.4462890625, 1119.146240234375, 8082.62451171875, 2467.30224609375]
[2118.0107421875, 1902.844482421875, 1117.6480712890625, 8045.54931640625, 2467.276611328125]
[2105.093505859375, 1891.8382568359375, 1113.3677978515625, 8017.0478515625, 2467.20751953125]
[2070.231201171875, 1864.1729736328125, 1103.443359375, 7995.7353515625, 2467.12646484375]
[2043.831298828125, 1840.727783203125, 1095.043212890625, 7971.572265625, 2467.112548828125]
[2038.4459228515625, 1832.980224609375, 1090.952880859375, 7940.20458984375, 2467.03857421875]
[2007.690185546875, 1811.248291015625, 1084.6002197265625, 7968.24951171875, 2467.18017578125]
[2017.518310546875, 1815.63232421875, 1084.3798828125, 7906.23291015625, 2467.176025390625]
[2015.331787109375, 1813.1234130859375, 1082.5615234375, 7854.72119140625, 2467.193359375]
[1999.9432373046875, 1799.908203125, 1077.152099609375, 7817.568359375, 2467.263427734375]
[1972.5794677734375, 1779.3935546875, 1069.9908447265625, 7813.96630859375, 2467.32275390625]
[1953.294921875, 1763.1336669921875, 1063.8653564453125, 7797.06982421875, 2467.310546875]
[1934.6805419921875, 1745.0081787109375, 1056.3887939453125, 7764.96875, 2467.268798828125]
[1914.874267578125, 1728.2889404296875, 1050.0283203125, 7750.30859375, 2467.234375]
[1910.335205078125, 1721.8359375, 1046.8607177734375, 7711.671875, 2467.222900390625]
[1883.130859375, 1700.0179443359375, 1039.8690185546875, 7710.8076171875, 2467.352783203125]
[1886.1064453125, 1699.9251708984375, 1038.7510986328125, 7662.37939453125, 2467.322998046875]
[1872.3157958984375, 1689.8641357421875, 1035.87744140625, 7642.0869140625, 2467.367431640625]
[1852.3065185546875, 1677.1318359375, 1032.640625, 7610.1884765625, 2467.44873046875]
[1845.3748779296875, 1671.7872314453125, 1030.864990234375, 7579.93408203125, 2467.40966796875]
[1834.6990966796875, 1662.0140380859375, 1027.3062744140625, 7543.76513671875, 2467.359375]
[1810.4000244140625, 1643.574462890625, 1020.9197998046875, 7515.99560546875, 2467.30517578125]
[1792.09716796875, 1623.4066162109375, 1012.7387084960938, 7489.6171875, 2467.26123046875]
[1778.6790771484375, 1614.4697265625, 1009.3453979492188, 7462.78076171875, 2467.23828125]
[1773.1126708984375, 1609.25634765625, 1006.7975463867188, 7434.7841796875, 2467.206298828125]
[1747.507080078125, 1589.9769287109375, 1000.1177978515625, 7437.9013671875, 2467.252685546875]
[1744.23828125, 1583.6749267578125, 996.434814453125, 7404.65673828125, 2467.155029296875]
[1730.9781494140625, 1573.7669677734375, 993.4799194335938, 7386.482421875, 2467.151123046875]
[1712.9232177734375, 1560.6087646484375, 989.7015380859375, 7373.25048828125, 2467.142822265625]
[1706.212646484375, 1555.291015625, 987.930908203125, 7347.322265625, 2467.0810546875]
[1676.9931640625, 1535.1634521484375, 981.58154296875, 7328.84130859375, 2467.062255859375]
[1677.900390625, 1532.533447265625, 979.7285766601562, 7282.25, 2466.864990234375]
[1670.129638671875, 1526.4351806640625, 977.424560546875, 7272.96435546875, 2466.850341796875]
[1659.968505859375, 1515.4595947265625, 972.4351196289062, 7236.8095703125, 2466.84912109375]
[1636.117919921875, 1496.9732666015625, 966.1768798828125, 7232.68115234375, 2466.79541015625]
[1630.25390625, 1489.4638671875, 962.6842651367188, 7191.564453125, 2466.762451171875]
[1614.5733642578125, 1476.8533935546875, 958.3096313476562, 7174.466796875, 2466.701171875]
[1609.1033935546875, 1473.1893310546875, 956.8151245117188, 7144.64453125, 2466.6201171875]
[1595.8419189453125, 1464.37939453125, 953.6787109375, 7123.7958984375, 2466.531494140625]
[1583.5946044921875, 1456.0045166015625, 949.7953491210938, 7089.54638671875, 2466.41552734375]
[1567.3154296875, 1444.05029296875, 945.2630004882812, 7076.705078125, 2466.349365234375]
[1565.649169921875, 1440.3116455078125, 942.784912109375, 7047.2490234375, 2466.332275390625]
[1544.93701171875, 1425.4150390625, 937.3575439453125, 7048.08251953125, 2466.3427734375]
[1546.0970458984375, 1423.1575927734375, 935.6146850585938, 7007.0302734375, 2466.3349609375]
[1536.852783203125, 1415.6329345703125, 932.800537109375, 6986.3642578125, 2466.329345703125]
[1519.260009765625, 1402.72265625, 928.3096313476562, 6974.31640625, 2466.25390625]
[1501.4334716796875, 1391.0345458984375, 924.1939697265625, 6966.607421875, 2466.198974609375]
[1493.6087646484375, 1385.4718017578125, 921.8289794921875, 6946.373046875, 2466.14599609375]
[1473.4644775390625, 1371.7791748046875, 916.6552124023438, 6935.73388671875, 2466.011962890625]
[1473.0562744140625, 1368.3297119140625, 914.4954833984375, 6899.9033203125, 2465.94873046875]
[1458.4263916015625, 1358.4959716796875, 911.173095703125, 6888.130859375, 2465.953125]
[1451.9935302734375, 1352.7525634765625, 909.0305786132812, 6860.53125, 2465.916015625]
[1446.3511962890625, 1348.500244140625, 907.441162109375, 6841.56884765625, 2465.91943359375]
[1434.5574951171875, 1339.704345703125, 903.6679077148438, 6814.91748046875, 2465.866943359375]
[1420.48583984375, 1330.15576171875, 899.5703735351562, 6799.47021484375, 2465.808837890625]
[1412.8994140625, 1324.1552734375, 896.600341796875, 6781.87548828125, 2465.724853515625]
[1400.8939208984375, 1316.2103271484375, 893.1922607421875, 6770.2626953125, 2465.613037109375]
[1392.942626953125, 1307.9273681640625, 889.181884765625, 6740.1015625, 2465.460205078125]
[1363.110107421875, 1289.6400146484375, 882.8323364257812, 6753.32373046875, 2465.267578125]
[1372.18115234375, 1291.4228515625, 882.55224609375, 6704.17236328125, 2465.219482421875]
[1369.5748291015625, 1288.5947265625, 881.4058837890625, 6685.80126953125, 2465.243896484375]
[1363.1171875, 1283.3924560546875, 879.3002319335938, 6672.78271484375, 2465.238525390625]
[1353.20263671875, 1275.43994140625, 875.8387451171875, 6655.20849609375, 2465.202392578125]
[1337.33935546875, 1262.48974609375, 869.8214721679688, 6632.3310546875, 2465.064697265625]
[1326.092529296875, 1252.9471435546875, 865.458251953125, 6619.9482421875, 2465.007568359375]
[1320.5953369140625, 1248.4932861328125, 863.3291625976562, 6603.6748046875, 2464.9326171875]
[1309.4200439453125, 1240.2314453125, 859.9320068359375, 6590.8125, 2464.83447265625]
[1298.859619140625, 1231.7723388671875, 856.3093872070312, 6564.34375, 2464.774658203125]
[1266.8173828125, 1208.9295654296875, 848.059326171875, 6581.50537109375, 2464.666015625]
[1279.21484375, 1214.00146484375, 848.2674560546875, 6527.15478515625, 2464.69873046875]
[1272.4583740234375, 1210.5870361328125, 847.5772705078125, 6503.84326171875, 2464.69189453125]
[1267.689208984375, 1207.54052734375, 846.5157470703125, 6491.70703125, 2464.67529296875]
[1260.7332763671875, 1202.487548828125, 844.4912719726562, 6475.6220703125, 2464.6552734375]
[1254.32568359375, 1197.223388671875, 842.1876220703125, 6454.6787109375, 2464.652587890625]
[1232.180908203125, 1180.390380859375, 835.4291381835938, 6428.25341796875, 2464.665283203125]
[1222.3609619140625, 1171.5283203125, 831.0118408203125, 6409.2568359375, 2464.69970703125]
[1223.1932373046875, 1171.2156982421875, 830.56103515625, 6380.26806640625, 2464.693359375]
[1214.0093994140625, 1164.8609619140625, 828.104248046875, 6378.88427734375, 2464.690185546875]
[1211.4056396484375, 1162.4801025390625, 826.6033935546875, 6361.74072265625, 2464.66943359375]
[1195.09912109375, 1151.5400390625, 822.0000610351562, 6348.39404296875, 2464.6328125]
[1175.711669921875, 1137.5865478515625, 816.2677001953125, 6324.13916015625, 2464.534912109375]
[1157.2420654296875, 1126.129638671875, 811.8556518554688, 6321.287109375, 2464.544921875]
[1159.22119140625, 1125.2569580078125, 811.2431640625, 6294.3427734375, 2464.506591796875]
[1149.6383056640625, 1118.92529296875, 809.3274536132812, 6293.55908203125, 2464.51220703125]
[1150.91015625, 1118.5845947265625, 808.8662109375, 6271.75634765625, 2464.500732421875]
[1144.0980224609375, 1113.1199951171875, 806.5137939453125, 6256.1044921875, 2464.511474609375]
[1132.4654541015625, 1105.1683349609375, 803.138671875, 6240.66552734375, 2464.52783203125]
[1121.408935546875, 1096.463623046875, 799.236328125, 6230.013671875, 2464.544677734375]
[1115.288818359375, 1091.5860595703125, 796.8599853515625, 6215.0458984375, 2464.545166015625]
[1105.87841796875, 1084.07421875, 793.2476806640625, 6197.6826171875, 2464.514892578125]
[1097.7353515625, 1076.965576171875, 790.1547241210938, 6179.2802734375, 2464.509521484375]
[1096.3792724609375, 1075.0482177734375, 789.0154418945312, 6157.44189453125, 2464.462158203125]
[1082.7852783203125, 1065.98974609375, 785.8607177734375, 6159.86376953125, 2464.462890625]
[1086.8094482421875, 1066.4537353515625, 785.145263671875, 6131.6845703125, 2464.410400390625]
[1082.05322265625, 1062.927001953125, 783.6113891601562, 6115.2421875, 2464.41064453125]
[1063.56103515625, 1049.5631103515625, 778.301513671875, 6102.88525390625, 2464.424560546875]
[1060.2989501953125, 1046.682861328125, 776.8701171875, 6084.9580078125, 2464.396728515625]
[1055.6624755859375, 1042.701416015625, 775.030029296875, 6067.5244140625, 2464.3515625]
[1044.96240234375, 1033.9569091796875, 771.1160888671875, 6045.208984375, 2464.27734375]
[1036.665771484375, 1027.6346435546875, 768.40234375, 6032.60693359375, 2464.153076171875]
[1035.513427734375, 1026.532470703125, 767.78125, 6016.810546875, 2464.14990234375]
Iteration: 505, loss: 11310.787109
[1027.6737060546875, 1020.9326782226562, 765.6304931640625, 6005.64111328125, 2464.16650390625]
[1029.268798828125, 1020.9417114257812, 765.0422973632812, 5984.32421875, 2464.142333984375]
[1017.500732421875, 1012.3345947265625, 761.8794555664062, 5976.1875, 2464.169921875]
[1009.04296875, 1005.843994140625, 759.3233642578125, 5962.10986328125, 2464.1279296875]
[1002.472900390625, 1000.782958984375, 757.1808471679688, 5948.87744140625, 2464.091796875]
[994.8353271484375, 994.7942504882812, 754.4346923828125, 5931.50830078125, 2463.93603515625]
[986.9149780273438, 989.2890625, 751.9664916992188, 5916.01171875, 2463.872314453125]
[983.172607421875, 985.888916015625, 749.9634399414062, 5896.22607421875, 2463.77392578125]
[973.4739990234375, 979.4009399414062, 747.2767944335938, 5892.3662109375, 2463.76318359375]
[970.2914428710938, 976.1826782226562, 745.6256103515625, 5874.126953125, 2463.750244140625]
[956.9268188476562, 965.80712890625, 741.3292236328125, 5864.34130859375, 2463.718994140625]
[955.78125, 961.6450805664062, 738.8948364257812, 5851.98388671875, 2463.710205078125]
[946.9222412109375, 956.0963134765625, 737.0408325195312, 5844.24169921875, 2463.6904296875]
[941.6805419921875, 952.2182006835938, 735.5537109375, 5831.14208984375, 2463.6474609375]
[935.2633056640625, 947.0763549804688, 733.3495483398438, 5816.24169921875, 2463.61865234375]
[924.70166015625, 937.650634765625, 729.10986328125, 5797.87158203125, 2463.615478515625]
/usr/local/lib/python3.6/dist-packages/torchvision/transforms/transforms.py:220: UserWarning: The use of the transforms.Scale transform is deprecated, please use transforms.Resize instead.
  "please use transforms.Resize instead.")
HR iterations
[14926.4052734375, 5236660.0, 1110570.75, 92698800.0, 1828.9620361328125]
[14926.4052734375, 5236660.0, 1110570.75, 92698784.0, 1828.9617919921875]
[5239.06884765625, 1030277.0, 444723.65625, 88057096.0, 2534.329833984375]
[3751.19921875, 631616.9375, 300841.3125, 20498804.0, 2331.39697265625]
[4532.513671875, 864323.5, 257674.5625, 8525153.0, 2239.4716796875]
[4977.77197265625, 998861.4375, 224675.296875, 4635212.0, 2230.080322265625]
[5075.8671875, 1035370.875, 213147.15625, 3036765.25, 2219.345947265625]
[4746.5869140625, 929119.25, 185833.703125, 1962703.375, 2242.822021484375]
[4322.93798828125, 800158.5625, 169549.046875, 1457481.75, 2256.98388671875]
[3722.909912109375, 631720.0625, 146637.9375, 1084105.75, 2277.6875]
[3426.008544921875, 550306.375, 137280.859375, 806045.8125, 2282.10986328125]
[3326.096923828125, 526000.625, 131222.6875, 669918.1875, 2280.28173828125]
[2989.344970703125, 437742.0, 115264.953125, 530672.625, 2280.9658203125]
[2747.966552734375, 375320.40625, 101879.5, 480589.40625, 2280.739501953125]
[2640.76611328125, 346782.46875, 98793.9921875, 416441.15625, 2279.966552734375]
[2350.80712890625, 272527.90625, 89613.4765625, 379168.46875, 2285.14453125]
[2123.489990234375, 218486.171875, 81880.21875, 333438.3125, 2288.75341796875]
[1663.99072265625, 123481.1640625, 67768.265625, 314530.40625, 2308.20458984375]
[1685.6707763671875, 127471.1953125, 65901.7578125, 227940.1875, 2296.83544921875]
[1611.85693359375, 114659.3359375, 63796.12890625, 217687.765625, 2298.82080078125]
[1443.3492431640625, 88873.4140625, 57867.8125, 195807.359375, 2300.067138671875]
[1352.662353515625, 78122.125, 55381.42578125, 180276.796875, 2298.538330078125]
[1295.05224609375, 71890.4765625, 52256.05859375, 160399.96875, 2294.12255859375]
[1231.183349609375, 67059.0234375, 49112.0, 144604.421875, 2293.599609375]
[1196.135009765625, 63248.02734375, 45429.51953125, 126952.8359375, 2292.268310546875]
[1193.760498046875, 58976.20703125, 41506.4375, 116426.2265625, 2289.2021484375]
[1165.2955322265625, 56721.9453125, 39330.0625, 108070.90625, 2291.5224609375]
[1176.385498046875, 55460.828125, 38109.25390625, 99395.984375, 2291.59619140625]
[1154.4561767578125, 53426.890625, 36604.5546875, 92720.75, 2294.935546875]
[1164.488037109375, 51636.4453125, 34636.78515625, 85155.6796875, 2292.956298828125]
[1155.515625, 49165.49609375, 32512.24609375, 79818.28125, 2291.53564453125]
[1119.818115234375, 43490.24609375, 28209.810546875, 75707.7578125, 2290.4150390625]
[1075.2738037109375, 36461.859375, 23104.41015625, 78505.671875, 2292.518798828125]
[1079.811767578125, 36146.76953125, 22817.18359375, 68588.765625, 2290.769775390625]
[1054.471923828125, 33189.66796875, 20749.630859375, 66088.3828125, 2292.267578125]
[1042.6693115234375, 31307.76171875, 19407.716796875, 63228.43359375, 2293.1708984375]
[1012.8671875, 27782.06640625, 17076.884765625, 61553.34375, 2294.984130859375]
[993.5853271484375, 25006.998046875, 15306.1201171875, 58459.984375, 2296.1953125]
[985.221435546875, 23475.375, 14436.458984375, 54202.38671875, 2295.43798828125]
[971.1519165039062, 20938.515625, 13082.9208984375, 51472.56640625, 2295.566162109375]
[980.3214721679688, 20548.111328125, 12869.6103515625, 47991.203125, 2292.973876953125]
[971.4826049804688, 19345.712890625, 12222.5595703125, 45977.9375, 2294.18798828125]
[965.9553833007812, 18165.001953125, 11516.1376953125, 43856.59765625, 2295.682861328125]
[964.4697875976562, 17738.056640625, 11235.6005859375, 42037.86328125, 2295.66357421875]
[960.5104370117188, 16607.91796875, 10485.7216796875, 39975.84375, 2296.26123046875]
[948.0990600585938, 14966.888671875, 9635.5341796875, 39656.54296875, 2296.278076171875]
[947.3607177734375, 14823.0380859375, 9501.1044921875, 37100.1015625, 2296.291015625]
[943.3617553710938, 14228.0185546875, 9189.296875, 36124.54296875, 2296.8525390625]
[939.5656127929688, 13846.1572265625, 9003.67578125, 34765.09765625, 2296.47900390625]
[929.22900390625, 12831.48828125, 8517.5185546875, 33730.1015625, 2297.449462890625]
[930.6712646484375, 12670.5068359375, 8409.6982421875, 31670.77734375, 2296.085205078125]
[931.21484375, 12450.7998046875, 8276.6376953125, 30948.912109375, 2296.13818359375]
[932.6859741210938, 12003.974609375, 8008.5546875, 29858.021484375, 2296.188720703125]
[935.2900390625, 11333.876953125, 7593.43798828125, 29167.005859375, 2297.0908203125]
[937.0903930664062, 11223.798828125, 7482.12060546875, 27720.5546875, 2296.426513671875]
[937.39697265625, 10879.5693359375, 7302.208984375, 27264.833984375, 2296.63916015625]
[937.449951171875, 10832.19140625, 7254.42724609375, 26696.64453125, 2296.198486328125]
[937.9071655273438, 10648.5078125, 7123.609375, 26048.50390625, 2296.12548828125]
[937.2705078125, 10170.18359375, 6835.42431640625, 25009.3125, 2296.406982421875]
[938.50830078125, 9959.9384765625, 6629.498046875, 24360.1640625, 2295.992919921875]
[938.1835327148438, 9893.5185546875, 6573.291015625, 23710.109375, 2295.894287109375]
[939.0144653320312, 9510.515625, 6313.05078125, 22929.248046875, 2296.43994140625]
[939.9701538085938, 9275.3916015625, 6119.8642578125, 22137.158203125, 2296.025390625]
[942.124267578125, 8893.6083984375, 5834.5869140625, 21537.185546875, 2296.440185546875]
[944.8291015625, 8622.060546875, 5603.2353515625, 20774.650390625, 2296.18359375]
[948.7440795898438, 8155.12109375, 5234.85107421875, 20706.17578125, 2297.025634765625]
[948.5103149414062, 8171.12255859375, 5213.69921875, 19547.794921875, 2296.11279296875]
[951.1160888671875, 8006.40478515625, 5076.8701171875, 19189.849609375, 2296.043701171875]
[951.7147216796875, 7918.3212890625, 4983.27685546875, 18710.845703125, 2295.815673828125]
[952.3348388671875, 7691.1162109375, 4807.39111328125, 18319.76171875, 2296.025634765625]
[954.4008178710938, 7379.78173828125, 4550.62939453125, 17907.51171875, 2295.83251953125]
[952.8756103515625, 7178.16650390625, 4419.138671875, 17432.716796875, 2295.87548828125]
[952.7415771484375, 7062.28173828125, 4335.49365234375, 17055.400390625, 2295.752685546875]
[954.5262451171875, 6867.3515625, 4188.9853515625, 16607.029296875, 2295.535400390625]
[955.3123779296875, 6636.9228515625, 4018.972412109375, 16211.43359375, 2295.840087890625]
[956.60693359375, 6544.427734375, 3937.63720703125, 15718.6962890625, 2295.650390625]
[961.6495971679688, 6260.31689453125, 3721.217041015625, 15995.9658203125, 2296.795166015625]
[959.1581420898438, 6357.48681640625, 3776.025390625, 15187.65234375, 2296.020263671875]
[958.8982543945312, 6332.62255859375, 3761.638427734375, 15018.6943359375, 2296.038330078125]
[958.5467529296875, 6137.09228515625, 3637.64453125, 14569.2919921875, 2296.359130859375]
[958.6358032226562, 5975.591796875, 3530.700439453125, 14277.6748046875, 2296.50341796875]
[958.010986328125, 5747.849609375, 3408.47998046875, 13964.583984375, 2296.934814453125]
[958.0001831054688, 5626.6640625, 3328.378173828125, 13705.1884765625, 2296.81494140625]
[957.9365844726562, 5503.4892578125, 3266.68408203125, 13518.615234375, 2297.064697265625]
[956.304443359375, 5305.84033203125, 3174.144287109375, 13098.0068359375, 2297.22265625]
[954.726806640625, 5073.6806640625, 3067.359375, 13016.046875, 2297.345947265625]
[953.6478271484375, 5111.39697265625, 3070.662841796875, 12607.693359375, 2296.89892578125]
[952.340576171875, 5050.00146484375, 3042.988037109375, 12445.2041015625, 2297.22265625]
[951.7339477539062, 5033.81298828125, 3026.775390625, 12248.328125, 2296.9765625]
[950.2106323242188, 4946.5087890625, 2976.814697265625, 12047.5673828125, 2296.875]
[948.242919921875, 4825.728515625, 2919.06787109375, 11900.8388671875, 2296.932861328125]
[944.0275268554688, 4600.87109375, 2824.37646484375, 11566.4443359375, 2297.20654296875]
[937.72802734375, 4307.36279296875, 2703.34130859375, 11749.958984375, 2297.2626953125]
[937.8190307617188, 4319.04345703125, 2705.382080078125, 11124.4619140625, 2297.225830078125]
[936.5950927734375, 4242.27587890625, 2688.177978515625, 11042.71484375, 2297.66455078125]
[936.4244995117188, 4218.97314453125, 2671.423828125, 10868.6962890625, 2297.495361328125]
[934.8963012695312, 4126.53564453125, 2622.41943359375, 10706.3388671875, 2297.4345703125]
[932.9494018554688, 4002.84375, 2550.66357421875, 10526.623046875, 2297.44970703125]
[930.0130615234375, 3875.299560546875, 2486.035400390625, 10356.037109375, 2297.566162109375]
[928.15869140625, 3803.922607421875, 2445.125244140625, 10201.6259765625, 2297.602294921875]
[924.0537109375, 3669.480224609375, 2395.115966796875, 10070.6357421875, 2297.8076171875]
[920.588134765625, 3574.05712890625, 2350.502685546875, 9825.2607421875, 2297.78125]
[916.5186767578125, 3462.565185546875, 2312.9775390625, 9682.962890625, 2297.997314453125]
[913.9213256835938, 3399.3359375, 2280.069580078125, 9469.4033203125, 2297.52734375]
[912.57470703125, 3343.755126953125, 2257.032470703125, 9356.06640625, 2297.71533203125]
[912.7830810546875, 3314.4697265625, 2237.032470703125, 9222.021484375, 2297.56689453125]
[910.8970947265625, 3213.9169921875, 2185.82861328125, 9035.7724609375, 2297.45849609375]
[909.9008178710938, 3140.2734375, 2139.367431640625, 8849.7978515625, 2297.097900390625]
[908.1673583984375, 3078.551025390625, 2113.30029296875, 8741.3447265625, 2297.008544921875]
[904.876220703125, 2990.85400390625, 2082.223388671875, 8639.0966796875, 2297.05859375]
[902.4712524414062, 2912.24462890625, 2043.8260498046875, 8537.38671875, 2296.812255859375]
[898.87109375, 2833.58154296875, 2018.6199951171875, 8435.6748046875, 2297.066162109375]
[898.0822143554688, 2815.224609375, 2001.0919189453125, 8289.77734375, 2297.028564453125]
[897.0810546875, 2781.753173828125, 1985.1512451171875, 8211.30859375, 2297.07958984375]
[896.6884155273438, 2755.9072265625, 1967.70556640625, 8120.365234375, 2297.036376953125]
[895.5144653320312, 2710.308837890625, 1939.810546875, 8013.548828125, 2297.033203125]
[893.6737060546875, 2647.656005859375, 1901.423095703125, 7862.443359375, 2297.0185546875]
[891.6663818359375, 2583.593994140625, 1862.814453125, 7750.30712890625, 2297.053955078125]
[890.8431396484375, 2559.81640625, 1846.618408203125, 7652.0576171875, 2296.986083984375]
[888.4813842773438, 2507.05029296875, 1821.8968505859375, 7568.40966796875, 2297.004638671875]
[888.1035766601562, 2481.0986328125, 1796.7249755859375, 7444.072265625, 2296.6728515625]
[885.0234375, 2412.98876953125, 1764.49462890625, 7372.30126953125, 2296.772216796875]
[884.3394165039062, 2388.56298828125, 1744.455810546875, 7267.60107421875, 2296.64208984375]
[882.5869750976562, 2349.91650390625, 1717.907958984375, 7193.12353515625, 2296.61865234375]
[881.0299072265625, 2317.574951171875, 1692.7745361328125, 7099.6826171875, 2296.568359375]
[878.4801025390625, 2273.978759765625, 1665.3841552734375, 7029.494140625, 2296.560302734375]
[876.2681274414062, 2240.4365234375, 1637.2740478515625, 6925.87841796875, 2296.472900390625]
[873.058837890625, 2193.835693359375, 1604.675537109375, 6853.31005859375, 2296.444580078125]
[872.27197265625, 2175.446533203125, 1582.6165771484375, 6747.0751953125, 2296.21044921875]
[869.6275634765625, 2130.740966796875, 1550.17431640625, 6700.9580078125, 2296.27099609375]
[870.0386352539062, 2122.472900390625, 1539.77734375, 6591.6640625, 2296.154296875]
[869.0958251953125, 2093.66796875, 1517.2784423828125, 6504.66748046875, 2296.1357421875]
[867.630615234375, 2055.896240234375, 1487.1051025390625, 6427.033203125, 2296.117919921875]
[865.4144897460938, 2015.2320556640625, 1456.7899169921875, 6373.2490234375, 2296.1884765625]
[864.3860473632812, 1995.480224609375, 1439.0556640625, 6306.9287109375, 2296.084716796875]
[861.484619140625, 1952.801025390625, 1409.4810791015625, 6271.8095703125, 2296.1240234375]
[861.2574462890625, 1945.640869140625, 1397.386474609375, 6204.4521484375, 2295.85546875]
[859.8694458007812, 1926.6092529296875, 1384.1441650390625, 6166.396484375, 2295.828857421875]
[858.0105590820312, 1902.4212646484375, 1366.5938720703125, 6100.23828125, 2295.811767578125]
[856.7615356445312, 1887.6552734375, 1356.3677978515625, 6053.05322265625, 2295.723876953125]
[854.8128051757812, 1865.86279296875, 1339.30712890625, 5968.4365234375, 2295.54638671875]
[850.9580078125, 1826.8973388671875, 1313.18310546875, 5932.11572265625, 2295.500244140625]
[850.7025146484375, 1821.68310546875, 1305.7490234375, 5836.2568359375, 2295.27685546875]
[848.9348754882812, 1800.3907470703125, 1290.478271484375, 5795.2578125, 2295.197998046875]
[848.1641845703125, 1789.4234619140625, 1281.4232177734375, 5754.61767578125, 2295.09619140625]
[845.48046875, 1760.8743896484375, 1263.8267822265625, 5721.13427734375, 2295.015625]
[843.33349609375, 1737.7232666015625, 1249.0897216796875, 5654.43017578125, 2294.8984375]
[841.3246459960938, 1716.0040283203125, 1234.462890625, 5598.2744140625, 2294.732666015625]
[839.9835815429688, 1700.3372802734375, 1223.6043701171875, 5542.30419921875, 2294.65283203125]
[839.1580200195312, 1686.8076171875, 1211.796142578125, 5484.703125, 2294.546142578125]
[836.8154907226562, 1657.8935546875, 1189.7291259765625, 5450.85693359375, 2294.449462890625]
[836.8720703125, 1655.56689453125, 1183.45068359375, 5374.99365234375, 2294.3564453125]
[835.2323608398438, 1641.8226318359375, 1174.660888671875, 5342.55859375, 2294.341552734375]
[835.115966796875, 1638.501220703125, 1166.784912109375, 5298.32666015625, 2294.20849609375]
[832.6107788085938, 1618.114501953125, 1157.5155029296875, 5258.22314453125, 2294.20849609375]
[829.3981323242188, 1593.473876953125, 1146.93017578125, 5202.24169921875, 2294.196533203125]
[828.2892456054688, 1583.28466796875, 1140.117431640625, 5137.1337890625, 2294.131103515625]
[825.5390014648438, 1560.488037109375, 1125.4429931640625, 5066.85546875, 2294.027587890625]
[823.781494140625, 1542.5040283203125, 1111.544677734375, 5037.94970703125, 2293.830322265625]
[823.4002685546875, 1538.8448486328125, 1108.343017578125, 4994.8408203125, 2293.781005859375]
[821.773193359375, 1526.77392578125, 1100.7513427734375, 4954.6474609375, 2293.66748046875]
[821.2098999023438, 1520.3895263671875, 1094.7490234375, 4912.59619140625, 2293.51611328125]
[817.768310546875, 1494.63818359375, 1078.42041015625, 4874.595703125, 2293.28173828125]
[817.2764282226562, 1486.373046875, 1070.01513671875, 4821.9619140625, 2293.069580078125]
[815.6602172851562, 1472.7916259765625, 1060.9488525390625, 4790.49658203125, 2292.97119140625]
[813.468994140625, 1453.1717529296875, 1047.9129638671875, 4737.4951171875, 2292.749267578125]
[810.59716796875, 1430.92919921875, 1032.37939453125, 4704.6201171875, 2292.62353515625]
[809.9413452148438, 1425.92431640625, 1029.8912353515625, 4659.9794921875, 2292.535400390625]
[808.5283813476562, 1416.85107421875, 1025.304443359375, 4632.224609375, 2292.43115234375]
[807.3729248046875, 1408.6617431640625, 1020.1011962890625, 4596.3603515625, 2292.327880859375]
[801.8839721679688, 1377.115234375, 1003.6499633789062, 4566.5517578125, 2292.112548828125]
[802.0152587890625, 1368.561279296875, 992.1192016601562, 4539.6669921875, 2291.92236328125]
[800.7357788085938, 1362.0478515625, 989.6876831054688, 4495.3671875, 2291.922607421875]
[798.850341796875, 1350.006103515625, 983.075927734375, 4465.42626953125, 2291.882080078125]
[797.825927734375, 1341.3353271484375, 976.8876953125, 4428.67724609375, 2291.811767578125]
[795.044189453125, 1320.9683837890625, 963.1463012695312, 4382.0751953125, 2291.673828125]
[793.8082275390625, 1309.2918701171875, 953.6409301757812, 4338.50927734375, 2291.441650390625]
[791.38330078125, 1294.3785400390625, 944.2744140625, 4320.2802734375, 2291.334716796875]
[790.33544921875, 1285.5994873046875, 937.855712890625, 4287.61865234375, 2291.17333984375]
[787.5004272460938, 1266.959228515625, 926.141357421875, 4251.56689453125, 2290.935791015625]
[785.668701171875, 1253.2786865234375, 917.34326171875, 4211.55078125, 2290.810302734375]
[785.3487548828125, 1248.6832275390625, 913.615234375, 4176.85986328125, 2290.72021484375]
[782.9038696289062, 1234.4183349609375, 905.6768188476562, 4151.697265625, 2290.627197265625]
[782.7930297851562, 1230.064208984375, 900.6796875, 4116.0654296875, 2290.627685546875]
[780.3250732421875, 1216.57470703125, 892.55615234375, 4087.13623046875, 2290.507080078125]
[777.41455078125, 1200.186767578125, 881.973388671875, 4059.909423828125, 2290.33154296875]
[775.7135620117188, 1190.3045654296875, 875.0939331054688, 4023.5830078125, 2290.21142578125]
[771.5177612304688, 1164.048095703125, 857.2217407226562, 4007.0830078125, 2289.952880859375]
[770.2483520507812, 1159.507568359375, 854.2061157226562, 3949.961669921875, 2289.94921875]
[771.4932861328125, 1164.050048828125, 856.3704833984375, 3921.5908203125, 2289.938232421875]
[770.1858520507812, 1157.87890625, 852.7835693359375, 3894.63427734375, 2289.90673828125]
[767.8653564453125, 1145.760498046875, 845.0267944335938, 3863.36376953125, 2289.785400390625]
[764.328857421875, 1128.369384765625, 833.5296630859375, 3845.1923828125, 2289.60888671875]
[763.2344970703125, 1121.6043701171875, 828.6004028320312, 3815.931884765625, 2289.502197265625]
[762.0584106445312, 1114.636962890625, 823.7035522460938, 3793.842041015625, 2289.419921875]
[759.541015625, 1102.6783447265625, 815.7109985351562, 3764.699462890625, 2289.339111328125]
[756.9454345703125, 1086.87451171875, 805.9989624023438, 3732.758056640625, 2289.244384765625]
[754.8994750976562, 1078.614501953125, 800.7381591796875, 3707.396728515625, 2289.19580078125]
[754.6914672851562, 1075.4884033203125, 798.79345703125, 3676.302001953125, 2289.141357421875]
[751.0311889648438, 1062.0615234375, 791.2744140625, 3682.769775390625, 2289.058349609375]
[752.6510009765625, 1066.53076171875, 793.7232666015625, 3644.094482421875, 2289.032958984375]
[752.4454956054688, 1064.43212890625, 792.0948486328125, 3624.8125, 2288.963134765625]
[750.5877685546875, 1054.741455078125, 785.47607421875, 3602.55224609375, 2288.791259765625]
[747.0811157226562, 1038.8740234375, 774.8018798828125, 3570.354248046875, 2288.558349609375]
[741.7454833984375, 1015.8977661132812, 759.01318359375, 3567.03564453125, 2288.204833984375]
[742.084716796875, 1016.4220581054688, 758.9307861328125, 3526.72509765625, 2288.1845703125]
[742.0241088867188, 1015.5379638671875, 757.8575439453125, 3509.513427734375, 2288.14404296875]
[740.8374633789062, 1010.6183471679688, 754.134765625, 3489.019287109375, 2288.054443359375]
[739.1423950195312, 1002.8770141601562, 748.0286254882812, 3449.889892578125, 2287.9150390625]
[733.78955078125, 982.8570556640625, 734.759765625, 3446.299072265625, 2287.634765625]
[734.6475830078125, 983.6588134765625, 734.6637573242188, 3400.7314453125, 2287.6142578125]
[732.8370361328125, 976.5809936523438, 730.525146484375, 3385.107421875, 2287.596923828125]
[731.0736694335938, 969.2132568359375, 725.9745483398438, 3374.728759765625, 2287.521484375]
[727.5189819335938, 956.2605590820312, 717.6878662109375, 3354.291015625, 2287.37890625]
[723.965087890625, 941.9247436523438, 708.6192626953125, 3332.344970703125, 2287.158447265625]
[723.6939697265625, 939.3193969726562, 706.1192016601562, 3308.196533203125, 2287.055908203125]
[721.5794067382812, 932.6251831054688, 701.525146484375, 3302.11181640625, 2286.9375]
[721.5331420898438, 931.8426513671875, 700.9542236328125, 3281.69580078125, 2286.875]
[719.940673828125, 927.0475463867188, 698.1756591796875, 3250.47900390625, 2286.791748046875]
[717.68603515625, 918.4339599609375, 693.734619140625, 3242.169189453125, 2286.6142578125]
