
[1492262.25, 13503528.0, 7166652.0, 246722000.0, 0.0]
[1492262.25, 13503527.0, 7166651.0, 246721936.0, 2.6047167200893284e-10]
[1492239.75, 13502232.0, 7163148.5, 246442320.0, 0.00084325933130458]
[1477161.125, 12749999.0, 5162128.0, 137465472.0, 241.7248077392578]
[1459220.125, 12130527.0, 3961393.0, 87686512.0, 470.1766662597656]
[1437253.5, 11523031.0, 3037220.75, 59271632.0, 678.0590209960938]
[1405323.375, 10862945.0, 2344578.25, 41841484.0, 931.8474731445312]
[1371334.0, 10322961.0, 1911038.125, 31562212.0, 1124.161865234375]
[1349902.5, 9994444.0, 1730488.625, 25722942.0, 1188.9368896484375]
[1321583.0, 9523805.0, 1531104.5, 20964134.0, 1254.984130859375]
[1261138.0, 8612605.0, 1232485.125, 15239251.0, 1376.03564453125]
[1218974.625, 8003385.0, 1079243.125, 12425365.0, 1428.550048828125]
[1200194.375, 7688650.5, 1008659.0625, 10515691.0, 1434.9000244140625]
[1163597.0, 7134593.0, 900058.125, 8906788.0, 1449.758056640625]
[1130704.0, 6677437.5, 821021.375, 7407615.0, 1461.7491455078125]
[1089356.875, 6227573.0, 753882.9375, 6424254.0, 1499.953857421875]
[1008341.25, 5448165.0, 653935.1875, 5341344.5, 1550.451416015625]
[943320.3125, 4953289.0, 623380.0, 6523697.5, 1631.560302734375]
[978771.3125, 5098456.0, 605573.125, 4203754.5, 1578.112060546875]
[959343.5625, 4964551.0, 590020.5, 3817611.75, 1599.2379150390625]
[935876.625, 4785432.5, 572190.8125, 3573777.25, 1625.9139404296875]
[849142.25, 4173706.0, 538570.125, 3785909.5, 1720.7225341796875]
[843951.0625, 4104763.75, 516830.4375, 2987043.0, 1718.760009765625]
[852003.6875, 4125603.5, 512004.875, 2694642.25, 1708.5106201171875]
[830971.4375, 3956274.25, 493087.46875, 2400084.0, 1727.5400390625]
[764373.4375, 3515446.0, 463542.59375, 2145773.0, 1780.510009765625]
[681463.625, 3022118.75, 441840.15625, 2548967.5, 1829.4271240234375]
[683644.4375, 2989831.0, 430164.0, 1853836.625, 1816.1591796875]
[660146.0, 2842731.25, 420992.5625, 1767313.0, 1824.9248046875]
[631939.4375, 2654414.5, 405565.4375, 1642832.375, 1823.8023681640625]
[534962.0, 2190295.5, 399430.5, 2173139.75, 1879.6048583984375]
[552349.0625, 2222158.75, 378660.8125, 1489540.0, 1846.5303955078125]
[543471.125, 2169083.0, 375892.25, 1377753.125, 1847.989990234375]
[509656.96875, 2006511.625, 370757.3125, 1378279.125, 1862.1292724609375]
[476376.625, 1845025.875, 362207.625, 1338301.25, 1883.032470703125]
[448643.0, 1713794.625, 351981.625, 1243580.75, 1899.2178955078125]
[437291.375, 1648178.75, 343117.0625, 1096531.125, 1912.436767578125]
[388857.71875, 1449983.875, 341233.28125, 1275142.0, 1951.577880859375]
[398462.75, 1476321.125, 330713.59375, 1022416.625, 1946.9849853515625]
[390269.625, 1439438.25, 326724.25, 957549.625, 1956.601318359375]
[361610.03125, 1321574.75, 320020.65625, 949853.4375, 1981.7198486328125]
[335688.25, 1214471.25, 311244.78125, 921751.5625, 1994.55517578125]
[312668.25, 1124769.5, 302327.46875, 882423.6875, 2010.7381591796875]
[303488.90625, 1085247.125, 293393.84375, 808612.0625, 2014.192138671875]
[267194.625, 961938.5625, 289503.46875, 930324.6875, 2045.4228515625]
[273004.21875, 974455.1875, 282655.25, 788409.5, 2028.362060546875]
[268023.03125, 956121.1875, 280478.5, 742823.125, 2031.45166015625]
[248961.796875, 890465.0625, 276276.59375, 742715.0, 2043.017578125]
[235671.78125, 841619.0625, 269387.84375, 707851.75, 2050.546630859375]
[221183.0625, 787636.25, 264112.84375, 680725.3125, 2053.486083984375]
[221169.0, 780433.625, 256269.46875, 626472.625, 2052.684814453125]
[203784.1875, 722934.1875, 251694.15625, 636525.1875, 2069.83203125]
[200963.328125, 711844.0, 246690.390625, 585839.4375, 2071.03662109375]
[191350.984375, 678548.125, 239038.171875, 556733.375, 2079.317138671875]
[175383.421875, 624936.6875, 228817.53125, 543599.625, 2092.59130859375]
[168600.125, 600604.1875, 223861.71875, 524530.0, 2099.313232421875]
[165560.21875, 590847.9375, 221887.84375, 500601.71875, 2101.31640625]
[163527.890625, 583324.125, 218649.375, 480315.625, 2102.550537109375]
[152506.671875, 549295.375, 215450.421875, 511232.96875, 2116.83203125]
[151975.75, 545050.375, 210084.34375, 455909.9375, 2116.478515625]
[146993.109375, 528379.625, 205985.03125, 433931.40625, 2124.706787109375]
[139581.3125, 504218.75, 201903.65625, 439034.84375, 2135.867919921875]
[134783.03125, 487520.09375, 196464.390625, 422617.125, 2142.9794921875]
[126496.9609375, 459422.3125, 189362.921875, 415664.125, 2156.73193359375]
[122119.5234375, 442094.375, 179807.625, 405268.84375, 2161.459228515625]
[116050.6328125, 423380.1875, 178818.703125, 403771.0625, 2173.41943359375]
[117926.1171875, 428253.96875, 178233.796875, 376697.875, 2167.533935546875]
[115591.3359375, 420391.0625, 176684.515625, 359342.375, 2169.083984375]
[110375.3984375, 402885.0625, 173843.65625, 355952.4375, 2175.531982421875]
[108424.0078125, 394300.40625, 169413.390625, 341527.8125, 2176.6396484375]
[104411.9765625, 378845.03125, 164664.375, 332463.75, 2181.621826171875]
[101412.046875, 365733.59375, 158284.5, 317662.5625, 2182.594970703125]
[94584.4296875, 342194.21875, 152214.078125, 330469.125, 2193.047119140625]
[94865.875, 339885.0, 146974.78125, 298802.96875, 2188.870849609375]
[91816.7734375, 328077.15625, 143861.375, 298255.875, 2193.79296875]
[91612.3125, 326832.75, 143099.265625, 284155.34375, 2193.63818359375]
[89476.59375, 317910.09375, 140564.953125, 275487.53125, 2195.636474609375]
[88270.59375, 312196.6875, 138278.96875, 267225.5625, 2196.22314453125]
[83650.40625, 294809.3125, 134924.40625, 282669.0, 2202.746826171875]
[84392.265625, 296036.28125, 132595.453125, 259874.96875, 2199.50146484375]
[83525.7578125, 293099.65625, 131295.671875, 250578.75, 2202.782470703125]
[81204.984375, 284530.75, 128542.84375, 250767.234375, 2208.447998046875]
[78256.7578125, 272940.03125, 124209.7734375, 247160.90625, 2216.337646484375]
[76025.2578125, 263190.53125, 120034.9765625, 243468.53125, 2221.630615234375]
[76160.5625, 262212.03125, 118399.8671875, 230669.75, 2220.5869140625]
[74186.7109375, 254004.421875, 116350.6328125, 228967.296875, 2225.193359375]
[73089.484375, 248319.921875, 114093.109375, 220637.046875, 2226.70751953125]
[71068.5234375, 239510.53125, 111130.78125, 218207.421875, 2230.490478515625]
[70556.890625, 236043.328125, 108953.234375, 210945.96875, 2231.03759765625]
[68641.515625, 227644.40625, 106235.03125, 213626.796875, 2236.813720703125]
[67894.421875, 222741.9375, 102999.4296875, 204344.265625, 2238.05029296875]
[66885.609375, 218132.234375, 101507.4453125, 199474.0, 2240.958740234375]
[66006.1640625, 213333.828125, 99554.640625, 193527.203125, 2242.011962890625]
[64185.828125, 205248.078125, 97117.703125, 191883.78125, 2245.89208984375]
[63848.9375, 201303.1875, 94306.2578125, 184280.859375, 2242.369873046875]
[62467.8984375, 195398.375, 92926.3125, 185424.46875, 2245.6171875]
[61830.02734375, 192775.109375, 91467.7890625, 178234.796875, 2247.201171875]
[61486.44140625, 190735.90625, 90426.2421875, 173530.765625, 2247.308349609375]
[60530.70703125, 186021.640625, 88844.1953125, 172538.578125, 2249.213134765625]
[59753.109375, 182170.65625, 87129.234375, 169105.25, 2250.641845703125]
[57837.484375, 174390.265625, 85292.8984375, 171787.0, 2255.29736328125]
[57704.0, 173731.046875, 84171.546875, 163971.78125, 2254.64501953125]
[56365.26953125, 168740.8125, 82681.2578125, 162343.03125, 2257.92822265625]
[55467.34765625, 165069.0, 81500.4453125, 160781.921875, 2259.771484375]
[54621.34765625, 161147.984375, 79984.171875, 156422.0625, 2260.721435546875]
[53366.09765625, 155837.546875, 78466.4609375, 154770.359375, 2264.67431640625]
[53288.23046875, 153986.625, 77191.71875, 148068.359375, 2262.384765625]
[51840.26953125, 148171.28125, 76247.4375, 150993.65625, 2264.779052734375]
[51785.82421875, 147222.1875, 75363.4765625, 143887.546875, 2264.30615234375]
[51285.48046875, 144030.28125, 73890.9765625, 141256.609375, 2264.270263671875]
[50444.1328125, 139888.984375, 72259.21875, 140043.96875, 2265.476318359375]
[49864.7578125, 136544.875, 70713.8046875, 138197.28125, 2266.3828125]
[49237.59765625, 133677.375, 69697.53125, 136497.734375, 2268.67724609375]
[48939.80859375, 131696.1875, 68254.40625, 134415.953125, 2269.7607421875]
[47503.171875, 126579.578125, 67811.078125, 141010.0625, 2275.43212890625]
[48251.40625, 129088.484375, 67896.3203125, 128933.3828125, 2271.845703125]
[48017.02734375, 127793.421875, 67416.078125, 127282.5546875, 2271.4169921875]
[47492.0390625, 125364.3671875, 66672.390625, 126023.765625, 2272.020263671875]
[46281.31640625, 120233.3984375, 65220.765625, 124906.8125, 2274.78564453125]
[45732.03125, 117885.3125, 64360.03125, 121920.34375, 2276.359375]
[45373.60546875, 116292.6484375, 63570.9140625, 119528.2890625, 2277.37939453125]
[44419.390625, 112835.40625, 62671.8515625, 121054.3359375, 2281.35546875]
[44095.90234375, 111340.6328125, 61554.19140625, 118304.734375, 2282.02783203125]
[43335.65234375, 108655.8515625, 60772.86328125, 116981.1875, 2284.263916015625]
[42636.21875, 106006.8984375, 59930.625, 115330.7109375, 2285.66455078125]
[42433.8359375, 104552.3359375, 58981.7109375, 112037.8359375, 2284.214599609375]
[41395.39453125, 100944.9921875, 58229.60546875, 114347.4921875, 2287.61181640625]
[41742.2109375, 101745.9296875, 57925.24609375, 107850.953125, 2285.968994140625]
[41480.2265625, 100672.1328125, 57514.3828125, 106701.890625, 2286.32470703125]
[40896.9375, 98527.9140625, 56845.55859375, 106274.3125, 2287.78662109375]
[40350.49609375, 96580.9453125, 56120.3046875, 104833.0546875, 2288.797607421875]
[39665.56640625, 93810.0390625, 54808.80859375, 105342.6640625, 2289.662109375]
[39432.50390625, 93083.6484375, 54409.05859375, 102258.5, 2290.114501953125]
[39259.4453125, 92518.265625, 54169.375, 101344.359375, 2290.66796875]
[38944.3671875, 91330.84375, 53503.1875, 99402.40625, 2291.441162109375]
[37925.328125, 88543.8046875, 52943.0390625, 103080.3046875, 2295.462646484375]
[38210.62109375, 88948.078125, 52533.921875, 96878.671875, 2293.85791015625]
[37962.015625, 87991.2734375, 52097.28125, 95772.3828125, 2293.763671875]
[37227.5859375, 85700.1171875, 51186.203125, 95352.21875, 2295.764892578125]
[36794.41015625, 84150.484375, 50426.92578125, 94223.8828125, 2295.6708984375]
[36562.328125, 83242.5078125, 49783.9296875, 91762.953125, 2296.197021484375]
[35773.234375, 80874.828125, 48852.35546875, 91582.1875, 2299.875244140625]
[35902.39453125, 80714.6484375, 48342.34765625, 89685.8984375, 2299.0400390625]
[35608.3671875, 79879.7578125, 48106.3984375, 88473.890625, 2299.675048828125]
[35060.21484375, 78365.0, 47655.90625, 88074.5859375, 2301.31298828125]
[34790.0625, 77517.7421875, 47253.81640625, 86468.5390625, 2302.10498046875]
[34028.1328125, 75275.0078125, 46372.16015625, 86633.8125, 2304.7041015625]
[33886.359375, 74696.484375, 46019.328125, 84193.5859375, 2305.3681640625]
[33489.47265625, 73493.34375, 45636.41796875, 83960.234375, 2306.963623046875]
[33325.6875, 72679.625, 45132.84375, 83085.5078125, 2306.698486328125]
[32830.89453125, 71499.8203125, 44812.2421875, 82707.2890625, 2308.86181640625]
[32631.912109375, 71051.484375, 44443.2421875, 80855.8125, 2309.447021484375]
[32029.79296875, 69565.3125, 43858.140625, 80972.0703125, 2311.191162109375]
[32214.900390625, 69712.5234375, 43575.02734375, 78821.9765625, 2309.2236328125]
[32024.693359375, 69186.15625, 43359.16015625, 78023.515625, 2309.805419921875]
[31201.947265625, 67107.8046875, 42570.21875, 77776.3671875, 2312.953125]
[31065.01171875, 66706.671875, 42036.7578125, 76509.375, 2313.3115234375]
[30720.34375, 65821.1640625, 41559.9765625, 75943.7109375, 2314.5947265625]
[30326.830078125, 64791.0625, 40881.87109375, 75463.6484375, 2316.216796875]
[29894.123046875, 63824.57421875, 40507.4609375, 75961.203125, 2318.240478515625]
[29823.888671875, 63467.98828125, 40173.9453125, 74676.8984375, 2318.415283203125]
[29442.45703125, 62548.04296875, 39766.17578125, 73738.390625, 2320.127685546875]
[29234.62890625, 61859.19921875, 39443.51171875, 72343.71875, 2320.393798828125]
[28727.04296875, 60575.42578125, 38943.06640625, 72496.09375, 2322.18115234375]
[28719.265625, 60355.90234375, 38711.7578125, 70243.59375, 2321.174072265625]
[28358.728515625, 59453.1171875, 38324.2734375, 70060.9453125, 2321.9677734375]
[28275.7578125, 59057.2265625, 37923.328125, 69142.1640625, 2321.30908203125]
[27814.857421875, 58047.19921875, 37516.38671875, 68881.5625, 2322.97900390625]
[27347.916015625, 56944.7578125, 37071.953125, 68612.6953125, 2324.718017578125]
[27368.73046875, 56853.8203125, 36874.64453125, 67330.2890625, 2324.246337890625]
[27173.75390625, 56313.2109375, 36666.56640625, 66929.0546875, 2324.558349609375]
[26587.927734375, 54710.39453125, 36061.515625, 66275.046875, 2325.70751953125]
[26296.734375, 53958.8671875, 35692.05859375, 65514.71875, 2326.651611328125]
[26124.67578125, 53440.18359375, 35331.84375, 64521.60546875, 2327.079345703125]
[25579.84375, 52264.640625, 34891.9921875, 65187.97265625, 2329.940185546875]
[25619.9375, 52212.67578125, 34565.84765625, 63935.28515625, 2329.894775390625]
[25406.99609375, 51694.6875, 34328.62890625, 63243.65234375, 2330.686279296875]
[25093.30078125, 51014.3203125, 34056.03125, 62732.1015625, 2332.2587890625]
[24784.845703125, 50390.796875, 33722.015625, 61925.30859375, 2333.62890625]
[24335.75, 49347.1640625, 33190.34765625, 61688.3984375, 2335.384765625]
[24175.7890625, 48910.109375, 32861.65234375, 60694.73828125, 2335.2998046875]
[23594.716796875, 47699.45703125, 32444.255859375, 61810.11328125, 2337.626953125]
[23631.421875, 47476.9609375, 32127.6015625, 60238.87890625, 2336.59716796875]
[23487.431640625, 47063.98046875, 31915.486328125, 59610.80859375, 2336.985107421875]
[22985.958984375, 45839.125, 31405.373046875, 59483.15625, 2339.2392578125]
[22845.26953125, 45437.8046875, 31117.556640625, 58417.9453125, 2339.616943359375]
[22430.9453125, 44489.80859375, 30776.45703125, 58121.109375, 2341.20458984375]
[22272.04296875, 44093.6953125, 30481.474609375, 57205.60546875, 2341.57080078125]
[21837.359375, 43242.3046875, 30182.19921875, 57407.2421875, 2343.125]
[21733.27734375, 42878.33203125, 29935.8359375, 56351.37890625, 2342.68701171875]
[21383.88671875, 42114.41015625, 29638.87109375, 56215.36328125, 2343.928955078125]
[21296.560546875, 41824.16796875, 29459.033203125, 55399.35546875, 2343.860595703125]
[21022.724609375, 41173.953125, 29295.1015625, 55302.0, 2344.64306640625]
[20897.904296875, 40786.66796875, 29066.73828125, 54588.84375, 2344.791748046875]
[20457.865234375, 39843.1328125, 28757.087890625, 54759.55859375, 2346.96923828125]
[20386.861328125, 39581.9921875, 28525.1875, 53615.33984375, 2346.9267578125]
[20042.873046875, 38780.84375, 28220.072265625, 53424.8671875, 2347.95703125]
[19798.275390625, 38147.3671875, 27891.224609375, 52876.09765625, 2348.346435546875]
[19415.68359375, 37269.96875, 27603.521484375, 53246.94140625, 2349.46728515625]
[19428.443359375, 37215.1328125, 27476.7421875, 52230.04296875, 2349.020751953125]
[19046.302734375, 36396.82421875, 27231.888671875, 52453.01171875, 2350.421875]
[19042.759765625, 36306.11328125, 27079.212890625, 51626.8515625, 2349.958984375]
[18882.41796875, 35933.171875, 26893.396484375, 51340.4921875, 2350.520751953125]
[18582.88671875, 35281.37109375, 26608.513671875, 51138.22265625, 2351.514404296875]
[18281.580078125, 34621.3203125, 26251.20703125, 50747.671875, 2352.535888671875]
[17972.521484375, 33966.921875, 26007.7421875, 50428.3984375, 2353.104248046875]
[17869.271484375, 33641.23828125, 25719.009765625, 49852.11328125, 2352.525634765625]
[17427.42578125, 32779.59765625, 25540.83203125, 50546.078125, 2354.21728515625]
[17514.791015625, 32901.41796875, 25496.2265625, 49284.5, 2353.81005859375]
[17381.03125, 32528.896484375, 25266.712890625, 48397.60546875, 2354.11083984375]
[16994.390625, 31656.87109375, 24913.578125, 48018.33984375, 2355.44580078125]
[16464.46484375, 30449.0703125, 24443.828125, 49663.62890625, 2357.556884765625]
[16536.48828125, 30624.396484375, 24446.65234375, 47500.23828125, 2357.15234375]
[16442.216796875, 30436.41015625, 24364.322265625, 47287.55078125, 2357.4716796875]
[16310.791015625, 30129.234375, 24177.947265625, 46983.96875, 2357.822509765625]
[15766.8173828125, 29135.265625, 23933.830078125, 48147.93359375, 2360.576416015625]
[15851.2392578125, 29171.966796875, 23788.3359375, 46323.36328125, 2359.88037109375]
[15690.671875, 28780.890625, 23619.66015625, 45871.85546875, 2360.54248046875]
[15401.21484375, 28131.556640625, 23365.58203125, 45589.3046875, 2361.742919921875]
[15081.0849609375, 27462.0234375, 23169.82421875, 45685.13671875, 2362.9794921875]
[15044.1064453125, 27326.03125, 23048.1171875, 45078.93359375, 2362.67724609375]
[14801.2138671875, 26835.25390625, 22883.830078125, 45081.01953125, 2363.3232421875]
[14743.5361328125, 26667.685546875, 22706.501953125, 44666.046875, 2362.938720703125]
[14518.380859375, 26227.517578125, 22562.15234375, 44473.8984375, 2363.7080078125]
[14209.48828125, 25620.787109375, 22341.521484375, 44166.18359375, 2365.010498046875]
[14106.7666015625, 25372.642578125, 22115.0390625, 43856.86328125, 2365.253662109375]
[13944.5439453125, 25051.53515625, 22023.97265625, 43543.08984375, 2366.211669921875]
[13852.3662109375, 24831.099609375, 21920.669921875, 43210.76171875, 2366.720703125]
[13646.349609375, 24426.1875, 21782.0390625, 43288.96875, 2367.810791015625]
[13381.4287109375, 23864.861328125, 21471.787109375, 43093.19921875, 2369.215576171875]
[13033.44921875, 23246.845703125, 21259.62109375, 43140.88671875, 2370.80078125]
[13087.3076171875, 23272.208984375, 21120.46875, 42486.09765625, 2369.8525390625]
[12919.9013671875, 22964.744140625, 21017.326171875, 42289.0859375, 2370.46240234375]
[12727.1142578125, 22595.828125, 20893.5, 42079.41015625, 2371.135009765625]
[12547.4599609375, 22232.1171875, 20723.421875, 41713.1328125, 2371.9599609375]
[12398.9091796875, 21925.361328125, 20557.595703125, 41361.41015625, 2372.320556640625]
[12249.1103515625, 21663.39453125, 20433.431640625, 41093.92578125, 2373.4560546875]
[12148.4697265625, 21467.341796875, 20267.12109375, 40616.5625, 2374.2841796875]
[11805.5576171875, 20935.96875, 20093.904296875, 40920.1875, 2376.493896484375]
[11793.3056640625, 20875.55859375, 19938.068359375, 40117.796875, 2376.297607421875]
[11630.228515625, 20573.677734375, 19795.107421875, 39980.73046875, 2376.722900390625]
[11554.6064453125, 20415.412109375, 19710.287109375, 39693.625, 2376.729736328125]
[11402.939453125, 20130.849609375, 19587.8515625, 39460.83203125, 2377.156005859375]
[11260.1728515625, 19849.326171875, 19461.921875, 39206.23046875, 2377.526611328125]
[11020.4033203125, 19455.22265625, 19306.435546875, 39057.16015625, 2378.806640625]
[10967.1455078125, 19314.291015625, 19193.62109375, 38671.83203125, 2378.711669921875]
[10747.861328125, 18980.6796875, 19081.021484375, 38765.75, 2380.065673828125]
[10704.611328125, 18845.0625, 18928.330078125, 38281.72265625, 2379.855712890625]
[10572.4365234375, 18623.9453125, 18822.970703125, 37955.82421875, 2380.400390625]
[10405.517578125, 18298.146484375, 18670.302734375, 37774.53515625, 2380.911865234375]
[10314.73046875, 18109.591796875, 18534.419921875, 37496.78125, 2381.203125]
[10123.8076171875, 17752.171875, 18354.263671875, 37260.4609375, 2382.298095703125]
[9942.7265625, 17365.455078125, 18123.78125, 36848.12890625, 2382.967041015625]
[9664.2607421875, 16924.345703125, 17984.919921875, 37155.09765625, 2384.9638671875]
[9767.4384765625, 17036.1484375, 17904.23046875, 36605.05859375, 2384.095458984375]
[9671.2568359375, 16896.98046875, 17866.20703125, 36210.15234375, 2384.45703125]
[9547.859375, 16711.6015625, 17812.55859375, 36091.76171875, 2385.095458984375]
[9417.869140625, 16509.435546875, 17725.818359375, 35856.33984375, 2385.720947265625]
[9271.5009765625, 16266.9482421875, 17596.076171875, 35525.671875, 2386.30908203125]
[9076.8447265625, 15953.9853515625, 17432.26171875, 35436.25, 2387.446044921875]
[9023.5439453125, 15842.29296875, 17349.056640625, 35046.5703125, 2387.52880859375]
[8880.712890625, 15613.7265625, 17261.298828125, 35030.09765625, 2388.392578125]
[8769.25390625, 15403.9287109375, 17090.982421875, 34676.796875, 2388.676513671875]
[8452.8896484375, 14980.7236328125, 16935.123046875, 34906.38671875, 2390.728515625]
[8483.1240234375, 14987.4580078125, 16853.591796875, 34266.953125, 2390.0263671875]
[8389.0556640625, 14834.8955078125, 16767.544921875, 34069.703125, 2390.23095703125]
[8287.3916015625, 14684.486328125, 16680.134765625, 33906.90625, 2390.50390625]
[8106.0048828125, 14433.68359375, 16549.51953125, 33767.3203125, 2391.5107421875]
[7996.04736328125, 14239.2373046875, 16395.26171875, 33610.45703125, 2391.910888671875]
[7908.04736328125, 14121.03515625, 16340.505859375, 33351.953125, 2392.598388671875]
[7893.72509765625, 14069.4365234375, 16272.0791015625, 33053.6328125, 2392.812744140625]
[7758.60888671875, 13881.58984375, 16192.375, 33120.3671875, 2393.84912109375]
[7704.32470703125, 13766.9189453125, 16105.205078125, 32814.98046875, 2394.181884765625]
[7547.5166015625, 13500.2216796875, 15945.580078125, 32481.048828125, 2394.91845703125]
[7333.64990234375, 13172.1689453125, 15793.1533203125, 32684.501953125, 2396.32861328125]
[7366.48681640625, 13177.5107421875, 15747.8251953125, 32039.5546875, 2395.416015625]
[7225.484375, 12994.8935546875, 15687.3203125, 32088.751953125, 2396.155029296875]
[7206.951171875, 12955.484375, 15637.0888671875, 31806.16015625, 2396.035888671875]
[7087.48583984375, 12785.2919921875, 15546.3603515625, 31650.69140625, 2396.49365234375]
[6990.9453125, 12651.8212890625, 15458.6533203125, 31562.775390625, 2397.17724609375]
[6929.3720703125, 12559.630859375, 15409.7724609375, 31419.431640625, 2397.378173828125]
[6883.76220703125, 12487.953125, 15355.7109375, 31248.466796875, 2397.506103515625]
[6792.615234375, 12369.2333984375, 15294.255859375, 31167.828125, 2398.042724609375]
[6699.09716796875, 12227.8564453125, 15158.978515625, 30870.828125, 2398.3125]
[6519.05908203125, 12012.4736328125, 15052.240234375, 30916.1796875, 2399.590576171875]
[6533.20947265625, 12007.42578125, 15006.0830078125, 30471.89453125, 2399.33349609375]
[6430.6005859375, 11870.9580078125, 14950.603515625, 30447.353515625, 2399.962890625]
[6425.486328125, 11837.4384765625, 14902.7666015625, 30224.9765625, 2399.8447265625]
[6362.1044921875, 11744.279296875, 14841.298828125, 30064.99609375, 2400.28515625]
[6220.65185546875, 11555.845703125, 14723.04296875, 29848.869140625, 2401.374755859375]
[6109.8125, 11400.96484375, 14618.404296875, 29786.830078125, 2402.190185546875]
[6103.1865234375, 11385.4423828125, 14572.1396484375, 29483.51953125, 2402.040771484375]
[5985.6884765625, 11255.0732421875, 14498.4052734375, 29455.298828125, 2402.6796875]
[5992.42236328125, 11243.017578125, 14452.3115234375, 29209.828125, 2402.235107421875]
[5912.2158203125, 11138.48828125, 14395.119140625, 29047.373046875, 2402.60302734375]
[5756.1474609375, 10943.681640625, 14308.03515625, 29000.73046875, 2403.419677734375]
[5744.93603515625, 10910.466796875, 14271.6240234375, 28749.728515625, 2403.4658203125]
[5702.97021484375, 10850.8115234375, 14225.7763671875, 28603.20703125, 2403.727294921875]
[5611.75244140625, 10725.908203125, 14129.6708984375, 28367.05078125, 2404.2333984375]
[5476.4091796875, 10547.7724609375, 14009.59375, 28472.181640625, 2404.950439453125]
[5498.927734375, 10556.302734375, 13978.5517578125, 28102.0234375, 2404.521728515625]
[5395.32568359375, 10448.9462890625, 13944.88671875, 28129.04296875, 2405.173828125]
[5409.017578125, 10446.6396484375, 13911.1865234375, 27887.79296875, 2404.77001953125]
[5375.9775390625, 10398.84765625, 13871.94140625, 27813.705078125, 2404.83642578125]
[5314.82763671875, 10318.908203125, 13812.841796875, 27739.6171875, 2405.07861328125]
[5222.3095703125, 10205.1240234375, 13734.13671875, 27579.6875, 2405.51025390625]
[5067.02734375, 10012.396484375, 13612.0458984375, 27368.30859375, 2406.481689453125]
[5012.2373046875, 9920.4306640625, 13534.259765625, 27151.373046875, 2406.5029296875]
[4975.64453125, 9878.4140625, 13506.2353515625, 26997.35546875, 2406.735595703125]
[4949.40380859375, 9838.3369140625, 13464.60546875, 26835.77734375, 2406.875]
[4838.3359375, 9717.21484375, 13405.8740234375, 26843.685546875, 2407.6875]
[4829.18994140625, 9673.87109375, 13308.8681640625, 26589.486328125, 2407.5771484375]
[4768.060546875, 9602.7294921875, 13258.654296875, 26456.66015625, 2408.0078125]
[4744.72607421875, 9575.4912109375, 13237.208984375, 26350.60546875, 2408.14208984375]
[4691.8291015625, 9510.1904296875, 13185.787109375, 26184.173828125, 2408.4541015625]
[4587.498046875, 9384.4736328125, 13092.466796875, 26092.4140625, 2409.398681640625]
[4567.27099609375, 9343.7578125, 13034.6787109375, 25903.216796875, 2409.353759765625]
[4474.205078125, 9239.30078125, 12990.63671875, 25944.7890625, 2410.140625]
[4471.0283203125, 9212.4541015625, 12946.5283203125, 25705.921875, 2410.082763671875]
[4432.97216796875, 9160.6162109375, 12901.4619140625, 25548.72265625, 2410.328857421875]
[4323.57958984375, 9042.728515625, 12809.171875, 25487.408203125, 2411.335693359375]
[4294.43505859375, 8995.0107421875, 12765.486328125, 25347.1328125, 2411.324951171875]
[4280.73095703125, 8980.564453125, 12743.166015625, 25207.72265625, 2411.422119140625]
[4167.2421875, 8874.58203125, 12664.330078125, 25110.373046875, 2412.516845703125]
[4184.28515625, 8867.2451171875, 12612.494140625, 24920.21875, 2411.950927734375]
[4142.83251953125, 8816.7861328125, 12590.8271484375, 24803.21875, 2412.2822265625]
[4050.87841796875, 8706.3349609375, 12532.9814453125, 24739.263671875, 2413.037109375]
[4046.930908203125, 8690.1357421875, 12507.5400390625, 24612.296875, 2412.979736328125]
[3985.420166015625, 8607.6953125, 12430.5966796875, 24458.083984375, 2413.50537109375]
[3930.531005859375, 8539.15625, 12354.41015625, 24365.048828125, 2413.99609375]
[3850.30078125, 8455.494140625, 12308.9580078125, 24360.236328125, 2414.853759765625]
[3856.110595703125, 8449.4970703125, 12279.041015625, 24178.140625, 2414.6923828125]
[3816.66552734375, 8409.1181640625, 12251.4287109375, 24028.259765625, 2415.129638671875]
[3771.0712890625, 8356.7626953125, 12215.244140625, 23898.109375, 2415.40673828125]
[3726.11474609375, 8294.51171875, 12183.6875, 23824.560546875, 2415.83349609375]
[3719.99951171875, 8272.0986328125, 12159.009765625, 23685.142578125, 2415.682373046875]
[3663.668701171875, 8201.4130859375, 12119.638671875, 23651.09765625, 2416.120849609375]
[3658.446533203125, 8182.35498046875, 12078.568359375, 23504.150390625, 2416.03955078125]
[3595.94384765625, 8110.13037109375, 12013.611328125, 23379.986328125, 2416.663330078125]
[3505.552001953125, 8011.95703125, 11917.4228515625, 23354.6953125, 2417.41796875]
[3491.723876953125, 7990.34765625, 11876.375, 23194.505859375, 2417.453125]
[3458.682861328125, 7952.20849609375, 11854.3251953125, 23121.72265625, 2417.7548828125]
[3424.557861328125, 7898.29541015625, 11803.4951171875, 22977.458984375, 2417.78369140625]
[3346.109375, 7816.9951171875, 11756.8583984375, 22945.05859375, 2418.640380859375]
[3353.21337890625, 7802.369140625, 11717.193359375, 22708.658203125, 2418.366943359375]
[3316.623291015625, 7754.56884765625, 11683.732421875, 22650.25390625, 2418.572265625]
[3294.340576171875, 7724.31298828125, 11653.7861328125, 22583.552734375, 2418.677490234375]
[3234.428466796875, 7653.97216796875, 11594.7021484375, 22515.962890625, 2419.10986328125]
[3207.221435546875, 7618.14990234375, 11556.076171875, 22410.109375, 2419.220947265625]
[3182.832275390625, 7589.0126953125, 11532.734375, 22351.47265625, 2419.40087890625]
[3151.872802734375, 7548.5126953125, 11486.892578125, 22224.744140625, 2419.604248046875]
[3079.04833984375, 7468.267578125, 11448.955078125, 22251.94140625, 2420.393798828125]
[3107.39111328125, 7483.9267578125, 11430.185546875, 22009.4921875, 2419.93505859375]
[3077.401123046875, 7456.35302734375, 11404.2138671875, 21920.505859375, 2420.21142578125]
[3053.5537109375, 7427.1748046875, 11384.392578125, 21890.607421875, 2420.333740234375]
[3010.752197265625, 7378.0302734375, 11342.6416015625, 21794.43359375, 2420.58203125]
[2948.026611328125, 7299.37158203125, 11277.26171875, 21680.888671875, 2420.805419921875]
[2909.068115234375, 7252.68603515625, 11219.3408203125, 21587.31640625, 2421.1416015625]
[2884.52685546875, 7217.60400390625, 11190.0498046875, 21520.333984375, 2421.27099609375]
[2862.3662109375, 7184.01904296875, 11159.50390625, 21431.978515625, 2421.46435546875]
[2806.173828125, 7115.35791015625, 11115.7158203125, 21353.625, 2422.0810546875]
[2800.3916015625, 7079.5107421875, 11050.4345703125, 21259.98828125, 2421.872314453125]
[2739.301513671875, 7021.38525390625, 11024.755859375, 21215.763671875, 2422.716064453125]
[2744.640625, 7027.96728515625, 11018.455078125, 21055.783203125, 2422.541259765625]
[2727.00927734375, 7003.44775390625, 10998.466796875, 20964.66796875, 2422.4873046875]
[2691.80322265625, 6954.93017578125, 10955.73046875, 20880.0546875, 2422.578125]
[2643.55810546875, 6892.95751953125, 10912.7119140625, 20812.240234375, 2422.775634765625]
[2608.99609375, 6849.85205078125, 10878.5625, 20753.056640625, 2423.052001953125]
[2588.4501953125, 6820.5966796875, 10847.9912109375, 20660.73046875, 2423.2041015625]
[2538.833740234375, 6770.11865234375, 10816.3720703125, 20622.927734375, 2423.746337890625]
[2551.21630859375, 6767.8349609375, 10774.0478515625, 20518.181640625, 2423.4521484375]
[2518.067626953125, 6728.033203125, 10753.4296875, 20427.611328125, 2423.73974609375]
[2497.831298828125, 6702.8505859375, 10736.7919921875, 20344.798828125, 2423.85205078125]
[2473.185546875, 6671.88916015625, 10707.302734375, 20246.296875, 2423.910888671875]
[2440.549560546875, 6628.154296875, 10666.4150390625, 20186.595703125, 2424.2626953125]
[2423.105712890625, 6605.4697265625, 10638.111328125, 20119.203125, 2424.302978515625]
[2394.211669921875, 6575.20947265625, 10611.23046875, 20092.40625, 2424.5732421875]
[2376.417724609375, 6551.55615234375, 10572.6435546875, 20009.333984375, 2424.65234375]
[2308.81298828125, 6485.31005859375, 10531.1240234375, 20018.341796875, 2425.491943359375]
[2321.482666015625, 6488.1123046875, 10502.5693359375, 19858.689453125, 2425.26904296875]
[2307.4365234375, 6464.1103515625, 10477.9755859375, 19772.212890625, 2425.299560546875]
[2282.558349609375, 6430.09619140625, 10449.2373046875, 19703.462890625, 2425.456298828125]
[2253.32470703125, 6387.02978515625, 10411.5126953125, 19593.9375, 2425.617431640625]
[2204.0341796875, 6326.46484375, 10356.4013671875, 19563.591796875, 2425.867431640625]
[2205.073974609375, 6316.62255859375, 10334.3173828125, 19439.982421875, 2425.768310546875]
[2183.79541015625, 6291.16552734375, 10315.7275390625, 19413.0, 2426.059814453125]
[2178.058837890625, 6274.55126953125, 10285.986328125, 19333.298828125, 2426.006591796875]
[2142.30908203125, 6227.4599609375, 10242.9033203125, 19279.95703125, 2426.330810546875]
[2113.37841796875, 6182.8583984375, 10192.296875, 19201.142578125, 2426.545654296875]
[2100.07080078125, 6158.53955078125, 10154.8173828125, 19136.115234375, 2426.472412109375]
[2082.887939453125, 6135.2802734375, 10132.8212890625, 19083.076171875, 2426.56005859375]
[2066.410888671875, 6112.9189453125, 10101.1923828125, 19003.521484375, 2426.59228515625]
[2025.4678955078125, 6066.38623046875, 10062.453125, 18987.015625, 2426.883056640625]
[2016.48095703125, 6049.5576171875, 10028.94140625, 18867.671875, 2426.732666015625]
[1982.11669921875, 6012.775390625, 10000.2705078125, 18840.849609375, 2427.14208984375]
[1984.4110107421875, 6007.83251953125, 9989.7451171875, 18750.48828125, 2427.020263671875]
[1970.3583984375, 5984.75341796875, 9970.064453125, 18701.580078125, 2427.104736328125]
[1955.340087890625, 5961.79296875, 9945.529296875, 18637.5078125, 2427.264892578125]
[1930.69482421875, 5925.7509765625, 9913.74609375, 18575.0, 2427.515380859375]
[1908.984375, 5901.31494140625, 9881.236328125, 18506.912109375, 2427.79541015625]
[1894.7725830078125, 5881.69677734375, 9854.2783203125, 18446.876953125, 2427.908935546875]
[1862.727294921875, 5843.10546875, 9811.9375, 18396.373046875, 2428.232666015625]
[1859.2379150390625, 5823.35693359375, 9778.2880859375, 18316.54296875, 2428.04248046875]
[1827.5889892578125, 5783.31591796875, 9754.962890625, 18309.830078125, 2428.378662109375]
[1828.112548828125, 5774.28173828125, 9738.2470703125, 18214.54296875, 2428.290283203125]
[1823.0308837890625, 5763.65673828125, 9727.9130859375, 18161.1328125, 2428.284912109375]
[1806.111083984375, 5736.63818359375, 9704.8076171875, 18106.734375, 2428.40771484375]
[1775.271728515625, 5693.41015625, 9659.3525390625, 18040.76953125, 2428.50341796875]
[1750.281005859375, 5654.908203125, 9620.4345703125, 17973.1875, 2428.65185546875]
[1743.796875, 5641.71142578125, 9601.50390625, 17928.001953125, 2428.607421875]
[1712.7349853515625, 5603.24951171875, 9570.8310546875, 17923.833984375, 2428.963623046875]
[1708.6053466796875, 5589.751953125, 9534.255859375, 17836.96875, 2428.893798828125]
[1690.4530029296875, 5564.20703125, 9515.9091796875, 17774.142578125, 2429.1162109375]
[1675.13037109375, 5543.91357421875, 9497.541015625, 17715.220703125, 2429.313720703125]
[1664.13720703125, 5528.4296875, 9480.6552734375, 17651.86328125, 2429.44189453125]
[1641.595947265625, 5496.8447265625, 9448.0517578125, 17549.765625, 2429.63623046875]
[1619.0457763671875, 5463.59375, 9414.7177734375, 17501.62890625, 2429.90625]
[1616.1795654296875, 5453.5380859375, 9391.1064453125, 17423.2265625, 2429.857177734375]
[1584.56396484375, 5417.845703125, 9369.4384765625, 17443.240234375, 2430.28759765625]
[1590.0286865234375, 5418.923828125, 9354.7265625, 17341.166015625, 2430.08837890625]
[1586.24658203125, 5408.9345703125, 9334.62109375, 17273.037109375, 2430.070556640625]
[1563.8665771484375, 5377.70361328125, 9295.111328125, 17228.2734375, 2430.396484375]
[1546.2708740234375, 5353.53466796875, 9267.5234375, 17189.638671875, 2430.619873046875]
[1539.5667724609375, 5342.92529296875, 9253.572265625, 17142.7265625, 2430.671875]
[1512.1290283203125, 5304.55224609375, 9213.6689453125, 17064.837890625, 2431.009033203125]
[1505.373779296875, 5283.482421875, 9180.4765625, 17026.861328125, 2430.797607421875]
[1497.7386474609375, 5273.63427734375, 9174.7529296875, 16957.330078125, 2430.9541015625]
[1491.7255859375, 5262.857421875, 9164.7890625, 16913.857421875, 2431.013427734375]
[1478.4195556640625, 5243.5458984375, 9149.66796875, 16891.90234375, 2431.169921875]
[1462.417236328125, 5211.47607421875, 9108.8623046875, 16858.41015625, 2431.308349609375]
[1437.24755859375, 5180.22802734375, 9090.63671875, 16824.587890625, 2431.624267578125]
[1441.6751708984375, 5182.4736328125, 9082.783203125, 16741.291015625, 2431.48388671875]
[1433.14599609375, 5169.45947265625, 9065.8935546875, 16706.90625, 2431.612548828125]
[1418.553466796875, 5147.20263671875, 9040.0654296875, 16669.392578125, 2431.80712890625]
[1400.1805419921875, 5117.45166015625, 9006.99609375, 16642.08203125, 2431.950927734375]
[1390.5186767578125, 5102.2412109375, 8988.515625, 16604.9609375, 2432.072021484375]
[1384.6973876953125, 5091.7216796875, 8974.5361328125, 16568.44140625, 2432.072509765625]
[1366.0926513671875, 5066.02880859375, 8945.896484375, 16518.40625, 2432.2822265625]
[1362.2808837890625, 5054.18212890625, 8910.4833984375, 16462.6015625, 2432.08642578125]
[1344.3194580078125, 5033.75146484375, 8894.3193359375, 16437.822265625, 2432.380126953125]
[1342.260498046875, 5030.408203125, 8882.666015625, 16380.677734375, 2432.44921875]
[1334.77783203125, 5018.8017578125, 8864.2939453125, 16342.291015625, 2432.5322265625]
[1324.7818603515625, 5000.587890625, 8839.455078125, 16300.4853515625, 2432.629150390625]
[1303.4586181640625, 4969.49951171875, 8805.8154296875, 16258.5986328125, 2432.9189453125]
[1296.0443115234375, 4952.18212890625, 8791.892578125, 16183.41015625, 2432.94091796875]
[1286.7757568359375, 4937.3271484375, 8780.0966796875, 16137.52734375, 2433.0224609375]
[1274.614501953125, 4917.3583984375, 8759.068359375, 16071.189453125, 2433.146240234375]
[1255.380859375, 4891.59521484375, 8733.8388671875, 16041.8125, 2433.309814453125]
[1254.435791015625, 4886.126953125, 8718.7041015625, 15984.853515625, 2433.21728515625]
[1233.0838623046875, 4859.8095703125, 8693.33984375, 16010.5703125, 2433.522216796875]
[1240.5989990234375, 4863.5029296875, 8683.5966796875, 15939.501953125, 2433.26953125]
[1236.609130859375, 4856.4384765625, 8677.5888671875, 15905.6005859375, 2433.25732421875]
[1218.9354248046875, 4828.0087890625, 8655.4970703125, 15867.876953125, 2433.369873046875]
[1206.4390869140625, 4805.8681640625, 8632.087890625, 15819.3671875, 2433.492431640625]
[1188.44970703125, 4767.70703125, 8593.4453125, 15802.4482421875, 2433.59716796875]
[1187.6317138671875, 4763.7373046875, 8581.2265625, 15741.873046875, 2433.606689453125]
[1181.7628173828125, 4754.8369140625, 8571.5009765625, 15724.44921875, 2433.6865234375]
[1176.3310546875, 4742.32470703125, 8550.48046875, 15669.587890625, 2433.69189453125]
[1152.9534912109375, 4709.388671875, 8524.2587890625, 15658.5087890625, 2434.00390625]
[1153.0830078125, 4706.1025390625, 8509.357421875, 15580.44140625, 2433.920654296875]
[1146.3468017578125, 4695.32177734375, 8495.8115234375, 15543.7578125, 2433.992431640625]
[1133.4755859375, 4674.2333984375, 8472.6279296875, 15494.7119140625, 2434.130615234375]
[1118.198486328125, 4652.61083984375, 8450.8642578125, 15483.498046875, 2434.390625]
[1116.3421630859375, 4647.2080078125, 8444.4736328125, 15427.91015625, 2434.36181640625]
[1107.4085693359375, 4631.642578125, 8432.962890625, 15399.814453125, 2434.432861328125]
[1108.1416015625, 4629.69287109375, 8424.8525390625, 15366.375, 2434.3525390625]
[1094.2052001953125, 4609.63525390625, 8408.357421875, 15336.1640625, 2434.527587890625]
[1082.759765625, 4589.8740234375, 8384.8134765625, 15286.5771484375, 2434.605712890625]
[1076.1943359375, 4578.80126953125, 8366.7490234375, 15247.251953125, 2434.684326171875]
[1073.3447265625, 4571.857421875, 8354.9287109375, 15222.408203125, 2434.681640625]
[1066.0596923828125, 4557.03759765625, 8336.4462890625, 15195.232421875, 2434.767333984375]
[1055.732421875, 4536.2978515625, 8305.337890625, 15162.373046875, 2434.785400390625]
[1048.5380859375, 4520.51806640625, 8286.185546875, 15123.197265625, 2434.87353515625]
[1039.9232177734375, 4504.302734375, 8267.421875, 15097.49609375, 2434.9482421875]
[1033.038818359375, 4490.08447265625, 8250.0283203125, 15056.8623046875, 2434.992431640625]
[1007.5867309570312, 4453.619140625, 8220.6455078125, 15066.5185546875, 2435.311279296875]
[1014.8388061523438, 4453.5361328125, 8202.9384765625, 15000.9287109375, 2435.0126953125]
[1008.4244995117188, 4446.84130859375, 8197.3662109375, 14946.3564453125, 2435.21875]
[1003.412109375, 4441.01220703125, 8190.62255859375, 14923.712890625, 2435.309814453125]
[998.3209228515625, 4432.6455078125, 8178.41455078125, 14895.27734375, 2435.338623046875]
[989.7354736328125, 4416.06298828125, 8156.2451171875, 14856.8857421875, 2435.38818359375]
[978.4033813476562, 4394.083984375, 8128.76708984375, 14831.0048828125, 2435.34326171875]
[976.2750854492188, 4384.71875, 8116.7724609375, 14785.17578125, 2435.287841796875]
[966.96923828125, 4367.4873046875, 8102.07763671875, 14759.4228515625, 2435.379638671875]
[960.203369140625, 4353.3857421875, 8078.76220703125, 14714.7626953125, 2435.336669921875]
[943.9169311523438, 4327.78759765625, 8058.5634765625, 14702.9072265625, 2435.6220703125]
[944.2391967773438, 4328.43408203125, 8049.97998046875, 14656.5029296875, 2435.619873046875]
[936.411376953125, 4318.919921875, 8037.0673828125, 14637.3232421875, 2435.757080078125]
[934.5712280273438, 4314.92138671875, 8028.974609375, 14605.87890625, 2435.78857421875]
[925.74267578125, 4298.72802734375, 8009.4375, 14562.654296875, 2435.9189453125]
[918.637939453125, 4282.1259765625, 7990.53955078125, 14527.087890625, 2436.00537109375]
[906.184814453125, 4261.16943359375, 7972.0498046875, 14500.8740234375, 2436.171142578125]
[906.0264282226562, 4254.16796875, 7960.119140625, 14460.4287109375, 2436.08447265625]
[893.3816528320312, 4234.37109375, 7941.71142578125, 14448.583984375, 2436.352294921875]
[893.0897216796875, 4229.3759765625, 7931.05224609375, 14399.00390625, 2436.257080078125]
[888.4471435546875, 4217.4580078125, 7915.38037109375, 14358.2138671875, 2436.263427734375]
[877.8037719726562, 4193.51123046875, 7886.17333984375, 14334.875, 2436.337890625]
[873.1080322265625, 4180.17626953125, 7873.42138671875, 14300.763671875, 2436.3251953125]
[870.833740234375, 4173.17041015625, 7865.025390625, 14278.421875, 2436.315185546875]
[861.824462890625, 4154.79638671875, 7848.4072265625, 14263.3974609375, 2436.4072265625]
[860.5750732421875, 4148.37353515625, 7831.07177734375, 14224.1796875, 2436.387451171875]
[852.394287109375, 4133.595703125, 7818.1875, 14199.28125, 2436.556640625]
[849.7136840820312, 4127.615234375, 7807.30419921875, 14161.3349609375, 2436.54296875]
[845.4197387695312, 4120.111328125, 7797.91259765625, 14136.2080078125, 2436.604248046875]
Iteration: 505, loss: 29336.255859
[838.8878784179688, 4105.4208984375, 7779.1767578125, 14089.5673828125, 2436.522216796875]
[829.836181640625, 4088.188232421875, 7760.4482421875, 14070.6513671875, 2436.588623046875]
[826.287841796875, 4081.047119140625, 7748.6572265625, 14038.4296875, 2436.548583984375]
[819.2512817382812, 4067.40234375, 7735.7578125, 14023.18359375, 2436.587890625]
[817.6146850585938, 4061.50341796875, 7722.6904296875, 13992.095703125, 2436.51318359375]
[803.6881713867188, 4039.7548828125, 7700.95166015625, 13990.1064453125, 2436.714111328125]
[802.9226684570312, 4035.80810546875, 7691.4013671875, 13944.232421875, 2436.69775390625]
[798.8120727539062, 4025.846435546875, 7677.365234375, 13910.5205078125, 2436.66455078125]
[793.8796997070312, 4014.75146484375, 7663.8583984375, 13880.6650390625, 2436.653564453125]
[783.0890502929688, 3993.361328125, 7637.82861328125, 13849.3037109375, 2436.62744140625]
[778.1503295898438, 3980.906982421875, 7623.43115234375, 13818.421875, 2436.619873046875]
[774.0153198242188, 3972.989990234375, 7612.3857421875, 13795.1103515625, 2436.65625]
[768.7735595703125, 3962.033447265625, 7597.10986328125, 13759.912109375, 2436.731201171875]
[762.3079223632812, 3949.513916015625, 7576.0068359375, 13727.0888671875, 2436.907470703125]
[757.4146118164062, 3937.722900390625, 7562.26708984375, 13704.6630859375, 2437.02099609375]
[760.797607421875, 3936.61669921875, 7553.11572265625, 13687.6337890625, 2436.91796875]
/usr/local/lib/python3.6/dist-packages/torchvision/transforms/transforms.py:220: UserWarning: The use of the transforms.Scale transform is deprecated, please use transforms.Resize instead.
  "please use transforms.Resize instead.")
HR iterations
[2907.611328125, 619393.8125, 277305.3125, 25834786.0, 1780.6142578125]
[2907.611083984375, 619393.8125, 277305.28125, 25834782.0, 1780.6142578125]
[2471.4814453125, 431193.0, 182992.65625, 10125730.0, 1895.3753662109375]
[2342.38720703125, 381624.71875, 150015.453125, 4710588.0, 1890.1849365234375]
[2269.35400390625, 352381.78125, 139760.890625, 3231764.75, 1902.888427734375]
[2083.018310546875, 280761.0, 119620.8046875, 1980730.0, 1936.5052490234375]
[1959.3577880859375, 234364.125, 106683.84375, 1356676.0, 1955.4744873046875]
[1803.464111328125, 176650.640625, 89520.84375, 852673.0625, 1975.166015625]
[1749.217041015625, 155235.078125, 81602.96875, 750150.5, 1981.91015625]
[1744.0042724609375, 153935.90625, 79236.0, 638308.9375, 1978.7752685546875]
[1739.197265625, 152887.75, 77121.25, 586567.125, 1977.3746337890625]
[1718.4315185546875, 147302.296875, 73468.8828125, 522135.375, 1977.6407470703125]
[1647.55078125, 128468.90625, 67703.78125, 446488.03125, 1982.14794921875]
[1554.613037109375, 103352.0078125, 61977.5546875, 408642.1875, 1989.7369384765625]
[1547.2266845703125, 102163.109375, 62273.26171875, 374240.75, 1989.1241455078125]
[1523.9881591796875, 97107.3046875, 61701.72265625, 354859.9375, 1989.212158203125]
[1485.4541015625, 89219.96875, 60217.5234375, 326770.46875, 1988.700439453125]
[1411.2591552734375, 74074.265625, 56205.2890625, 294341.84375, 1989.40673828125]
[1348.1829833984375, 62427.2109375, 52405.83203125, 283464.46875, 1989.99462890625]
[1344.6478271484375, 61813.33203125, 51458.41015625, 257448.859375, 1989.8592529296875]
[1309.88427734375, 55085.0078125, 49290.7109375, 245381.34375, 1992.6768798828125]
[1276.239990234375, 49476.3984375, 47343.359375, 234406.34375, 1993.5606689453125]
[1153.154296875, 31410.791015625, 43289.62890625, 232576.5625, 2005.6397705078125]
[1145.0579833984375, 31356.578125, 41923.8671875, 200769.359375, 2000.0579833984375]
[1116.2520751953125, 28347.330078125, 41082.80078125, 195011.90625, 2000.7452392578125]
[1078.411865234375, 25113.521484375, 39885.23046875, 187540.125, 2001.462890625]
[1067.9144287109375, 24273.689453125, 39196.90625, 180185.015625, 2000.3292236328125]
[1063.9637451171875, 23909.71484375, 38347.6171875, 171353.515625, 1998.9246826171875]
[1029.3355712890625, 21138.75390625, 37089.55078125, 163220.859375, 1999.908203125]
[1026.2257080078125, 20949.416015625, 35658.51171875, 156567.265625, 1996.386962890625]
[1014.4055786132812, 20167.083984375, 35419.328125, 149282.21875, 1997.301513671875]
[999.4677124023438, 19380.419921875, 35028.5, 145313.5, 1998.0230712890625]
[986.8446655273438, 18752.650390625, 34236.13671875, 139560.828125, 1998.04638671875]
[954.4564208984375, 17490.974609375, 32919.2421875, 131755.5625, 1999.524169921875]
[941.4843139648438, 16710.525390625, 31161.0390625, 125536.0390625, 1997.1837158203125]
[921.474365234375, 16185.3251953125, 30450.509765625, 120728.1796875, 1998.3348388671875]
[916.9082641601562, 16014.640625, 30053.25390625, 117213.953125, 1998.6251220703125]
[891.0484619140625, 15624.587890625, 28840.609375, 111607.453125, 2000.1993408203125]
[888.050537109375, 15089.017578125, 27896.8359375, 107708.5703125, 1999.5985107421875]
[878.8031616210938, 14824.1416015625, 27351.189453125, 104778.578125, 1999.667724609375]
[869.6703491210938, 14354.41015625, 26549.912109375, 101291.4375, 1999.5872802734375]
[863.9509887695312, 14064.1748046875, 26040.78515625, 98478.015625, 1999.4227294921875]
[857.3479614257812, 13349.6337890625, 24897.958984375, 94327.8671875, 1998.690185546875]
[849.5521850585938, 12935.716796875, 24282.525390625, 91684.8359375, 1998.2464599609375]
[848.3359985351562, 12796.7265625, 24030.080078125, 89495.359375, 1998.267333984375]
[834.429443359375, 12348.0361328125, 23299.849609375, 86882.4140625, 1998.8858642578125]
[839.6181030273438, 11491.388671875, 22377.595703125, 86945.0546875, 1996.21923828125]
[821.8334350585938, 11239.9697265625, 22059.466796875, 82392.3984375, 1998.8740234375]
[820.596923828125, 11239.4609375, 21981.95703125, 80397.9609375, 1999.143798828125]
[813.2158813476562, 10975.0078125, 21691.173828125, 79204.2578125, 1999.3187255859375]
[807.982177734375, 10690.03515625, 21325.021484375, 77346.1640625, 1999.209716796875]
[796.9859008789062, 10148.28515625, 20777.228515625, 75602.7265625, 1998.6041259765625]
[792.3021240234375, 9946.7353515625, 20455.283203125, 73447.359375, 1998.523193359375]
[785.8187255859375, 9677.041015625, 20130.935546875, 71879.71875, 1998.7587890625]
[781.6860961914062, 9367.1513671875, 19793.87890625, 70085.703125, 1998.8287353515625]
[776.0623168945312, 8937.6787109375, 19367.845703125, 68275.7734375, 1998.43896484375]
[776.2194213867188, 8749.4833984375, 19130.5390625, 66659.4296875, 1998.352783203125]
[772.5911865234375, 8612.4990234375, 18961.7890625, 65659.6171875, 1998.695556640625]
[768.548095703125, 8372.8359375, 18600.861328125, 64144.9296875, 1998.4744873046875]
[749.7072143554688, 7941.9345703125, 18263.42578125, 63956.88671875, 2000.2496337890625]
[756.2238159179688, 8058.1376953125, 18186.416015625, 62054.6015625, 1999.56884765625]
[754.0286865234375, 7953.14013671875, 18097.34765625, 60652.8046875, 1998.9378662109375]
[749.3233642578125, 7807.67431640625, 17966.4375, 59953.84375, 1999.0167236328125]
[742.3651733398438, 7615.86474609375, 17773.177734375, 59172.54296875, 1999.405029296875]
[738.5806884765625, 7459.0205078125, 17570.97265625, 58143.5859375, 1999.2264404296875]
[731.5807495117188, 7242.474609375, 17298.224609375, 56741.33203125, 1999.28173828125]
[727.7627563476562, 7089.3212890625, 17073.462890625, 55556.61328125, 1999.0372314453125]
[720.58984375, 6903.34423828125, 16851.8515625, 54408.08984375, 1999.0897216796875]
[715.0135498046875, 6750.28271484375, 16646.861328125, 53319.49609375, 1999.260498046875]
[704.51025390625, 6518.89599609375, 16383.80078125, 52065.78125, 1999.21337890625]
[701.465087890625, 6434.416015625, 16185.8330078125, 50803.1015625, 1999.42919921875]
[691.8382568359375, 6297.7861328125, 16072.576171875, 50629.95703125, 2000.21337890625]
[694.1365966796875, 6315.2421875, 15990.8349609375, 49621.19921875, 1999.7415771484375]
[691.4554443359375, 6262.19580078125, 15896.6103515625, 48913.03125, 1999.58642578125]
[685.4988403320312, 6130.3330078125, 15709.0107421875, 48024.1796875, 1999.368408203125]
[676.6507568359375, 5969.0517578125, 15444.2138671875, 46852.62109375, 2000.000244140625]
[671.29052734375, 5820.6982421875, 15200.3232421875, 46214.99609375, 1999.767333984375]
[672.8009033203125, 5835.603515625, 15167.1591796875, 45521.9375, 1999.951171875]
[667.7061157226562, 5775.53955078125, 15097.828125, 45180.78515625, 2000.26416015625]
[666.2466430664062, 5742.52392578125, 15012.5546875, 44646.69921875, 2000.1370849609375]
[659.1078491210938, 5621.28515625, 14786.9375, 43737.45703125, 1999.7569580078125]
[654.5006713867188, 5562.9912109375, 14656.8798828125, 43049.0703125, 1999.652099609375]
[653.1419067382812, 5534.8642578125, 14578.73828125, 42514.328125, 1999.5791015625]
[644.7037963867188, 5440.70947265625, 14407.7099609375, 41883.1328125, 1999.752197265625]
[644.0736083984375, 5389.73095703125, 14281.68359375, 41116.421875, 1999.5986328125]
[636.96240234375, 5313.8408203125, 14119.9150390625, 40392.33984375, 2000.092529296875]
[633.233642578125, 5241.3759765625, 13981.3974609375, 39719.80859375, 2000.1748046875]
[632.3445434570312, 5198.087890625, 13887.0625, 39266.453125, 2000.2861328125]
[627.4575805664062, 5122.05029296875, 13769.20703125, 38746.53515625, 2000.3204345703125]
[625.9363403320312, 5057.7099609375, 13641.4423828125, 37972.00390625, 2000.194580078125]
[619.59375, 4985.64794921875, 13484.0732421875, 37671.015625, 2000.3941650390625]
[622.1906127929688, 4988.39990234375, 13445.2158203125, 36930.953125, 2000.180908203125]
[618.9189453125, 4954.6357421875, 13379.12890625, 36612.8671875, 2000.3616943359375]
[617.0904541015625, 4927.001953125, 13307.2509765625, 36303.640625, 2000.418212890625]
[611.943359375, 4863.88818359375, 13147.810546875, 35733.6875, 2000.7371826171875]
[608.8285522460938, 4801.21337890625, 13009.435546875, 35293.74609375, 2001.1029052734375]
[608.445068359375, 4783.95166015625, 12959.2373046875, 34813.2109375, 2001.10888671875]
[604.5535888671875, 4740.6083984375, 12881.2900390625, 34523.93359375, 2001.3790283203125]
[604.5313720703125, 4724.80224609375, 12836.904296875, 34202.359375, 2001.363037109375]
[600.9371337890625, 4688.01806640625, 12755.9501953125, 33705.30859375, 2001.494140625]
[596.0684814453125, 4650.3095703125, 12650.134765625, 33179.45703125, 2001.869873046875]
[594.869384765625, 4627.5966796875, 12575.33984375, 32826.25390625, 2001.81884765625]
[590.986328125, 4580.4091796875, 12485.7021484375, 32400.169921875, 2001.8203125]
[587.8019409179688, 4527.02490234375, 12336.5869140625, 31751.525390625, 2002.113525390625]
[586.42578125, 4472.8505859375, 12226.21484375, 31362.939453125, 2001.4190673828125]
[583.7435302734375, 4454.89697265625, 12166.9697265625, 30967.470703125, 2001.760986328125]
[582.1602783203125, 4436.2216796875, 12097.9423828125, 30632.255859375, 2001.9814453125]
[578.074951171875, 4405.8603515625, 12026.2509765625, 30379.642578125, 2002.0987548828125]
[577.0349731445312, 4374.11572265625, 11930.8994140625, 29896.654296875, 2002.015625]
[574.6185913085938, 4340.52001953125, 11842.4697265625, 29492.8125, 2002.158447265625]
[573.213134765625, 4313.01806640625, 11774.646484375, 29189.306640625, 2002.1314697265625]
[570.3265991210938, 4281.2314453125, 11701.7158203125, 28895.97265625, 2002.2830810546875]
[567.0665893554688, 4221.400390625, 11573.4921875, 28567.908203125, 2002.12841796875]
[565.1677856445312, 4214.3193359375, 11522.880859375, 28177.58203125, 2002.4779052734375]
[561.7849731445312, 4201.5302734375, 11459.8466796875, 27910.751953125, 2002.7320556640625]
[562.0772705078125, 4170.943359375, 11380.9736328125, 27704.25, 2002.4468994140625]
[558.2344360351562, 4149.61328125, 11311.01953125, 27344.5859375, 2002.4681396484375]
[555.4769897460938, 4121.4560546875, 11237.037109375, 26996.935546875, 2002.471435546875]
[555.5186157226562, 4100.4619140625, 11187.3798828125, 26754.451171875, 2002.351318359375]
[553.0856323242188, 4065.912353515625, 11111.708984375, 26460.462890625, 2002.3568115234375]
[550.823486328125, 4043.779296875, 11023.271484375, 26112.521484375, 2002.606689453125]
[548.8773803710938, 4012.2470703125, 10948.5703125, 25845.431640625, 2002.6669921875]
[548.0676879882812, 3997.893798828125, 10895.880859375, 25599.62109375, 2002.7706298828125]
[544.7522583007812, 3978.057861328125, 10830.2001953125, 25377.158203125, 2003.1087646484375]
[544.6619873046875, 3946.39404296875, 10753.38671875, 25086.3984375, 2003.10302734375]
[543.3593139648438, 3920.969482421875, 10701.5283203125, 24853.65234375, 2003.080078125]
[541.7991333007812, 3897.3359375, 10640.1728515625, 24607.890625, 2003.1533203125]
[540.0792846679688, 3867.005859375, 10558.9501953125, 24336.638671875, 2003.123046875]
[536.6884765625, 3837.84814453125, 10473.6904296875, 24051.998046875, 2003.2470703125]
[535.8849487304688, 3816.300048828125, 10395.4013671875, 23868.068359375, 2003.3511962890625]
[532.5328369140625, 3798.1826171875, 10335.4091796875, 23642.083984375, 2003.6168212890625]
[532.0222778320312, 3785.475341796875, 10297.0185546875, 23382.349609375, 2003.6881103515625]
[530.3792724609375, 3752.177734375, 10221.677734375, 23139.240234375, 2003.9310302734375]
[529.0358276367188, 3736.957275390625, 10149.6826171875, 22936.767578125, 2004.0025634765625]
[527.4442138671875, 3719.426513671875, 10097.1142578125, 22763.451171875, 2004.1361083984375]
[526.1050415039062, 3694.0556640625, 10014.8466796875, 22527.5859375, 2004.0633544921875]
[524.2955322265625, 3677.471435546875, 9960.810546875, 22368.439453125, 2004.2547607421875]
[524.2213134765625, 3660.0791015625, 9913.2822265625, 22181.296875, 2004.1781005859375]
[521.4562377929688, 3633.919677734375, 9848.1865234375, 22084.640625, 2004.1881103515625]
[522.561279296875, 3621.53955078125, 9829.51953125, 21840.59765625, 2004.13818359375]
[521.905029296875, 3600.40283203125, 9786.529296875, 21680.87890625, 2004.208984375]
[520.4923095703125, 3575.164306640625, 9728.423828125, 21527.869140625, 2004.35205078125]
[518.7257080078125, 3556.750732421875, 9668.046875, 21347.36328125, 2004.4195556640625]
[516.331298828125, 3532.5107421875, 9589.2314453125, 21145.775390625, 2004.478515625]
[515.7625732421875, 3530.107177734375, 9556.138671875, 20982.87890625, 2004.43310546875]
[514.2821655273438, 3517.98779296875, 9517.1865234375, 20857.818359375, 2004.447021484375]
[513.9929809570312, 3505.672607421875, 9471.23828125, 20697.45703125, 2004.457275390625]
[512.3768310546875, 3492.843017578125, 9429.232421875, 20531.208984375, 2004.67138671875]
[511.2804260253906, 3477.80859375, 9384.6923828125, 20365.091796875, 2004.84326171875]
[510.0471496582031, 3454.33056640625, 9318.599609375, 20141.60546875, 2004.9058837890625]
[508.6212158203125, 3433.989501953125, 9249.95703125, 19940.431640625, 2004.8497314453125]
[508.6738586425781, 3421.605224609375, 9213.4150390625, 19821.162109375, 2004.7537841796875]
[506.71697998046875, 3408.378662109375, 9162.5634765625, 19726.4609375, 2004.8978271484375]
[506.8113098144531, 3398.33984375, 9123.0712890625, 19526.45703125, 2004.94580078125]
[506.3370361328125, 3378.163330078125, 9084.5810546875, 19373.806640625, 2005.0401611328125]
[505.2911682128906, 3358.45654296875, 9036.1513671875, 19224.611328125, 2005.288330078125]
[504.74090576171875, 3340.039794921875, 8997.0146484375, 19095.029296875, 2005.402587890625]
[504.1231384277344, 3323.05908203125, 8962.3173828125, 18958.591796875, 2005.3231201171875]
[503.0379943847656, 3306.0751953125, 8911.2705078125, 18791.125, 2005.3555908203125]
[501.7792663574219, 3280.633544921875, 8858.48828125, 18677.876953125, 2005.2823486328125]
[501.89459228515625, 3277.2275390625, 8837.21875, 18533.302734375, 2005.2520751953125]
[500.2559509277344, 3268.197998046875, 8806.396484375, 18498.810546875, 2005.5048828125]
[500.6833190917969, 3266.953857421875, 8794.15234375, 18365.01953125, 2005.5303955078125]
[500.3931579589844, 3256.395263671875, 8768.673828125, 18257.111328125, 2005.5244140625]
[499.1631164550781, 3237.984130859375, 8714.09375, 18093.546875, 2005.6495361328125]
[497.8701171875, 3220.33544921875, 8654.755859375, 17930.240234375, 2005.7239990234375]
[496.58349609375, 3208.21484375, 8598.6689453125, 17785.400390625, 2005.8658447265625]
[496.22760009765625, 3196.073974609375, 8556.9228515625, 17668.64453125, 2005.8760986328125]
[495.37640380859375, 3182.83642578125, 8523.0380859375, 17567.900390625, 2005.9559326171875]
[495.2214050292969, 3167.44482421875, 8481.7119140625, 17440.33203125, 2005.990478515625]
[494.3314514160156, 3149.347412109375, 8445.0673828125, 17328.59375, 2006.1497802734375]
[494.14208984375, 3135.102783203125, 8415.0087890625, 17200.400390625, 2006.1845703125]
[493.0151672363281, 3109.482666015625, 8367.828125, 17097.84765625, 2006.2518310546875]
[493.4054260253906, 3101.876708984375, 8346.841796875, 16973.12109375, 2006.163818359375]
[492.9596862792969, 3093.745361328125, 8326.77734375, 16910.44921875, 2006.2122802734375]
[492.3183288574219, 3080.325927734375, 8290.7158203125, 16821.95703125, 2006.3016357421875]
[491.3248596191406, 3067.501708984375, 8253.4755859375, 16710.166015625, 2006.530029296875]
[490.5128479003906, 3048.7490234375, 8200.53125, 16550.619140625, 2006.6502685546875]
[489.8575744628906, 3035.248779296875, 8165.25341796875, 16445.744140625, 2006.8123779296875]
[489.38934326171875, 3018.6171875, 8124.93701171875, 16331.93359375, 2006.8087158203125]
[488.4742126464844, 3001.96826171875, 8090.88330078125, 16250.2744140625, 2006.7193603515625]
[488.0544128417969, 2989.450927734375, 8042.42431640625, 16126.701171875, 2006.6173095703125]
[487.2296447753906, 2976.955322265625, 8012.50439453125, 16024.498046875, 2006.635009765625]
[486.9820556640625, 2970.9921875, 7981.07421875, 15910.65625, 2006.6492919921875]
[486.0085144042969, 2955.94970703125, 7948.689453125, 15824.30859375, 2006.8406982421875]
[485.9321594238281, 2942.60546875, 7921.650390625, 15703.4248046875, 2006.79296875]
[485.07965087890625, 2923.22412109375, 7881.4462890625, 15595.1787109375, 2006.88525390625]
[484.77874755859375, 2910.801025390625, 7851.08447265625, 15503.91015625, 2006.8812255859375]
[484.3121337890625, 2901.240966796875, 7824.3466796875, 15424.375, 2006.9105224609375]
[483.16717529296875, 2880.40283203125, 7764.82080078125, 15291.919921875, 2006.9442138671875]
[482.4607238769531, 2863.334716796875, 7713.54296875, 15210.5146484375, 2007.1201171875]
[482.1028137207031, 2854.69140625, 7690.41943359375, 15115.326171875, 2007.0853271484375]
[481.4718933105469, 2843.212158203125, 7664.26708984375, 15039.69921875, 2007.1173095703125]
[481.76251220703125, 2836.327392578125, 7638.9052734375, 15021.7734375, 2007.0838623046875]
[480.7911682128906, 2824.814453125, 7616.46630859375, 14927.9580078125, 2007.1966552734375]
[480.1478576660156, 2818.484130859375, 7595.48046875, 14840.2021484375, 2007.26416015625]
[479.72589111328125, 2809.682373046875, 7573.1064453125, 14765.4892578125, 2007.252685546875]
[479.16741943359375, 2799.87744140625, 7539.98193359375, 14673.103515625, 2007.2904052734375]
[478.2593994140625, 2782.383544921875, 7505.17724609375, 14601.0244140625, 2007.260986328125]
[478.39923095703125, 2779.649658203125, 7486.51953125, 14546.5751953125, 2007.2293701171875]
[477.672607421875, 2771.683837890625, 7462.8203125, 14482.875, 2007.3482666015625]
[476.9997863769531, 2766.036376953125, 7432.95849609375, 14389.158203125, 2007.44873046875]
[476.5235900878906, 2752.760498046875, 7399.02783203125, 14291.353515625, 2007.4935302734375]
[476.0052490234375, 2746.20751953125, 7370.57763671875, 14209.974609375, 2007.4765625]
[475.9282531738281, 2738.408203125, 7355.79248046875, 14153.2138671875, 2007.4580078125]
[475.39813232421875, 2724.24072265625, 7327.263671875, 14081.3349609375, 2007.4600830078125]
[474.8271484375, 2706.82275390625, 7282.84228515625, 13982.08984375, 2007.5135498046875]
[473.67669677734375, 2687.3779296875, 7241.408203125, 13909.0986328125, 2007.6253662109375]
[473.7382507324219, 2681.939453125, 7216.4287109375, 13841.0029296875, 2007.6558837890625]
[472.714599609375, 2673.011474609375, 7187.1298828125, 13798.23046875, 2007.87255859375]
[472.8143615722656, 2671.1787109375, 7179.080078125, 13729.73828125, 2007.865234375]
[472.52130126953125, 2658.355712890625, 7157.08154296875, 13650.7724609375, 2007.83154296875]
[472.3028564453125, 2650.2294921875, 7141.08349609375, 13595.396484375, 2007.8125]
[471.3591613769531, 2629.55810546875, 7101.2841796875, 13499.3271484375, 2007.8985595703125]
[470.72052001953125, 2612.35400390625, 7063.58056640625, 13445.0556640625, 2007.8089599609375]
[470.52386474609375, 2611.713623046875, 7048.83447265625, 13363.0888671875, 2007.9320068359375]
[469.88897705078125, 2605.11181640625, 7028.248046875, 13326.4541015625, 2008.0697021484375]
[469.7115478515625, 2599.33203125, 7004.70166015625, 13271.376953125, 2008.0869140625]
[468.5144958496094, 2586.24365234375, 6965.60400390625, 13194.96875, 2008.1434326171875]
[467.8971252441406, 2571.568359375, 6936.1640625, 13112.236328125, 2008.0228271484375]
