
[1509379.25, 14387855.0, 7698170.0, 268320752.0, 0.0]
[1509379.25, 14387855.0, 7698169.0, 268320688.0, 2.803353105207407e-10]
[1509365.875, 14387041.0, 7695049.5, 268125024.0, 0.00045749093987978995]
[1498923.5, 13806689.0, 5720733.0, 168420528.0, 187.53213500976562]
[1482276.75, 13189161.0, 4186718.25, 105595048.0, 487.09246826171875]
[1458234.375, 12607076.0, 3059847.5, 64488444.0, 764.237548828125]
[1423593.375, 12091984.0, 2339316.0, 39680700.0, 1098.9791259765625]
[1385670.875, 11726145.0, 1877846.375, 29251496.0, 1304.686767578125]
[1365160.25, 11562969.0, 1732847.875, 21515590.0, 1383.81005859375]
[1348243.25, 11296234.0, 1606814.75, 18108636.0, 1417.1976318359375]
[1303383.625, 10589315.0, 1322913.0, 12341099.0, 1486.3612060546875]
[1227083.0, 9550623.0, 1010786.875, 10462801.0, 1580.7742919921875]
[1186227.625, 9112196.0, 893321.625, 7380464.0, 1635.140380859375]
[1180768.375, 8897301.0, 860240.375, 6310084.5, 1610.849365234375]
[1156140.75, 8527305.0, 791859.25, 5631485.0, 1617.8509521484375]
[1079243.375, 7671419.0, 647936.6875, 4496972.5, 1680.109130859375]
[980959.0, 6815721.5, 541295.5, 6855108.5, 1764.7403564453125]
[1015980.0625, 6994106.0, 550140.625, 3664762.5, 1725.027099609375]
[991594.4375, 6807090.0, 528476.5, 3389909.25, 1753.982421875]
[951035.125, 6444767.0, 489606.6875, 3168511.0, 1785.036865234375]
[865864.0625, 5649590.0, 416058.21875, 2933788.5, 1824.0084228515625]
[835307.875, 5334376.0, 384542.40625, 2300951.75, 1841.142333984375]
[786439.0, 4968601.5, 357680.96875, 2186482.25, 1873.56494140625]
[719915.0, 4428106.5, 318659.78125, 2048611.375, 1918.7911376953125]
[678356.875, 4141497.0, 298798.15625, 1835485.125, 1956.6065673828125]
[661308.5625, 4002707.0, 286604.59375, 1643324.0, 1973.0902099609375]
[565808.25, 3449287.5, 263941.34375, 2108090.75, 2046.7591552734375]
[568021.0, 3347624.75, 243934.265625, 1587169.375, 2043.2567138671875]
[554817.5, 3255554.75, 237091.828125, 1282395.25, 2053.588623046875]
[525300.0625, 3070096.75, 227563.046875, 1293200.625, 2071.09814453125]
[502384.03125, 2901622.5, 216772.28125, 1232591.75, 2077.99072265625]
[433838.0625, 2485642.0, 196223.609375, 1324982.375, 2110.301513671875]
[404502.28125, 2253277.0, 183727.125, 1154661.875, 2102.21630859375]
[400166.0625, 2216349.5, 177833.0, 964079.0625, 2107.128173828125]
[364886.9375, 2037053.25, 171972.78125, 1049774.625, 2127.319580078125]
[351042.71875, 1946602.375, 165929.203125, 910220.5, 2132.09228515625]
[312730.71875, 1716889.375, 154278.140625, 816227.5625, 2143.928955078125]
[281209.96875, 1526973.75, 141026.296875, 750248.4375, 2159.464599609375]
[241694.421875, 1327793.625, 135976.921875, 888116.6875, 2173.81689453125]
[242827.9375, 1289254.875, 128753.9375, 707850.4375, 2164.5986328125]
[222473.671875, 1187053.5, 122929.125, 662844.0, 2176.030029296875]
[208144.375, 1116868.125, 119522.84375, 669448.25, 2188.173828125]
[201083.609375, 1070411.0, 113770.4609375, 610959.875, 2202.780029296875]
[179303.03125, 955077.0625, 108458.828125, 606889.75, 2219.975830078125]
[168617.0, 887767.25, 102675.703125, 522007.8125, 2229.40478515625]
[152717.34375, 803817.75, 97941.15625, 509909.15625, 2244.563232421875]
[140495.9375, 724885.3125, 90356.734375, 459343.625, 2257.7705078125]
[119262.90625, 630987.5625, 87955.859375, 586721.9375, 2282.352783203125]
[127741.9609375, 660349.875, 86200.0703125, 426571.125, 2276.85791015625]
[123615.6796875, 640343.125, 85626.859375, 394701.78125, 2279.225830078125]
[116803.515625, 606985.9375, 83692.8671875, 380479.75, 2288.73095703125]
[101095.5234375, 533109.5625, 81103.5859375, 415953.84375, 2311.23486328125]
[99570.78125, 517159.25, 77682.53125, 375646.25, 2313.16943359375]
[96545.765625, 499978.5, 76629.3046875, 339806.9375, 2316.0576171875]
[86081.0546875, 448011.34375, 73954.1953125, 340263.78125, 2330.09228515625]
[81535.6875, 420777.90625, 71092.5078125, 319040.46875, 2335.880615234375]
[67207.65625, 353431.03125, 66341.921875, 377137.21875, 2355.341552734375]
[71165.265625, 364113.21875, 64517.73046875, 296678.25, 2347.892333984375]
[65119.7421875, 337266.15625, 64591.01953125, 311254.9375, 2355.859375]
[63620.13671875, 328753.125, 62990.21484375, 274023.90625, 2356.68359375]
[59779.16015625, 309702.625, 61302.14453125, 270821.65625, 2360.522216796875]
[56141.4140625, 290355.65625, 59364.9140625, 264013.28125, 2363.32373046875]
[48969.5234375, 255091.375, 56595.59765625, 263709.875, 2369.719482421875]
[45652.30078125, 232740.0, 53127.12890625, 237525.234375, 2366.996337890625]
[40000.11328125, 208198.203125, 51694.13671875, 246555.0625, 2374.654052734375]
[41721.75, 213959.21875, 51005.546875, 213357.390625, 2372.974853515625]
[39776.25390625, 205259.078125, 50843.82421875, 207396.046875, 2372.819580078125]
[38284.4765625, 198499.8125, 50151.60546875, 203918.1875, 2375.315673828125]
[35575.953125, 185982.875, 48788.04296875, 201899.21875, 2379.277099609375]
[34021.234375, 177866.0625, 47412.3515625, 192598.5, 2381.348388671875]
[29811.375, 158536.90625, 45388.9609375, 194533.6875, 2384.04052734375]
[29287.11328125, 151936.859375, 42845.421875, 185269.21875, 2384.706298828125]
[27445.16015625, 144629.1875, 42362.44921875, 174682.546875, 2387.089599609375]
[25445.279296875, 135889.890625, 41411.62109375, 172726.625, 2389.0146484375]
[25051.873046875, 133275.546875, 40692.0390625, 162920.8125, 2390.4580078125]
[23114.62109375, 123480.171875, 39234.9609375, 162008.296875, 2393.626953125]
[22542.7734375, 119634.859375, 38103.94921875, 154706.25, 2395.481201171875]
[20585.048828125, 110306.09375, 36664.6875, 155735.75, 2401.158935546875]
[19930.724609375, 105555.984375, 35181.8515625, 150519.640625, 2404.243896484375]
[18344.55078125, 98101.8671875, 33969.48828125, 149834.5625, 2409.20263671875]
[17539.267578125, 93165.234375, 32881.671875, 143205.0, 2411.849853515625]
[16834.26171875, 89440.296875, 31967.130859375, 137943.78125, 2413.89501953125]
[16244.0625, 86155.9765625, 31160.349609375, 133019.015625, 2414.68017578125]
[14817.9482421875, 79268.59375, 29857.85546875, 131494.078125, 2418.10595703125]
[14581.5185546875, 76211.7734375, 28275.990234375, 134559.3125, 2415.868408203125]
[13809.3583984375, 73211.59375, 28224.232421875, 123867.078125, 2417.849853515625]
[13901.595703125, 73558.421875, 28185.40625, 117188.953125, 2419.1103515625]
[13486.658203125, 71288.5, 27576.625, 114841.5703125, 2420.943603515625]
[12639.638671875, 66273.6171875, 26187.0703125, 111717.546875, 2424.0556640625]
[11290.6845703125, 59335.0390625, 24438.712890625, 113667.7421875, 2432.495849609375]
[11467.4580078125, 58648.60546875, 23523.666015625, 105053.6484375, 2430.644775390625]
[10834.2138671875, 55746.875, 23164.228515625, 102994.15625, 2432.54150390625]
[10769.458984375, 55313.94140625, 22945.95703125, 100086.8515625, 2433.614013671875]
[10567.580078125, 53962.3671875, 22462.21484375, 98285.546875, 2435.010986328125]
[10176.2529296875, 51375.6328125, 21619.79296875, 96167.234375, 2437.55126953125]
[9542.427734375, 47176.01171875, 20396.52734375, 95218.890625, 2440.29248046875]
[9572.033203125, 46354.3828125, 19669.029296875, 91276.1875, 2440.153076171875]
[8929.666015625, 43078.63671875, 19093.830078125, 94887.3203125, 2445.182861328125]
[9245.6494140625, 44671.140625, 19314.1328125, 87249.8671875, 2442.101806640625]
[9178.986328125, 44162.94921875, 19097.90234375, 86150.3125, 2442.272216796875]
[8944.2724609375, 42525.63671875, 18471.708984375, 84274.9140625, 2442.854248046875]
[8654.154296875, 40579.640625, 17693.24609375, 81630.3125, 2444.227294921875]
[8321.3896484375, 38323.046875, 16834.677734375, 80201.5234375, 2445.489013671875]
[8345.1328125, 38324.08203125, 16636.373046875, 78172.609375, 2445.774169921875]
[8148.98486328125, 37110.14453125, 16229.7783203125, 77921.34375, 2447.3779296875]
[8001.056640625, 36092.6484375, 15791.345703125, 76160.640625, 2448.564453125]
[7587.14208984375, 33537.16015625, 14847.013671875, 75580.7265625, 2450.36572265625]
[7534.98388671875, 33007.24609375, 14475.609375, 72533.90625, 2450.07861328125]
[7378.53515625, 32038.513671875, 14105.4775390625, 71939.0, 2450.9365234375]
[7236.44921875, 30970.19140625, 13491.193359375, 70798.3515625, 2450.922607421875]
[7007.75927734375, 29638.6484375, 13086.587890625, 70641.4375, 2452.78076171875]
[7060.88525390625, 29889.00390625, 13092.3935546875, 67852.234375, 2452.71240234375]
[6923.314453125, 29130.123046875, 12786.4404296875, 65926.7890625, 2454.0791015625]
[6836.7568359375, 28645.818359375, 12588.248046875, 64857.58984375, 2455.08154296875]
[6657.25634765625, 27702.580078125, 12231.80859375, 63596.19140625, 2456.257080078125]
[6477.076171875, 26722.84375, 11854.0244140625, 62138.078125, 2456.65087890625]
[6252.5390625, 25520.1640625, 11387.6611328125, 61920.3359375, 2457.683349609375]
[6231.98974609375, 25318.306640625, 11279.7275390625, 59856.66796875, 2457.451171875]
[6177.732421875, 24944.166015625, 11124.201171875, 58811.90625, 2457.81884765625]
[6154.75048828125, 24642.693359375, 10896.0859375, 57661.74609375, 2457.67724609375]
[5826.4638671875, 23073.255859375, 10493.7119140625, 60325.88671875, 2461.408935546875]
[5986.240234375, 23740.814453125, 10554.078125, 55704.609375, 2459.1591796875]
[5933.30810546875, 23448.798828125, 10417.8291015625, 54894.84375, 2459.052978515625]
[5736.11181640625, 22436.6640625, 10005.6494140625, 53945.87890625, 2459.936279296875]
[5586.33837890625, 21710.53125, 9767.1171875, 53693.7578125, 2460.583984375]
[5533.826171875, 21379.6015625, 9590.9765625, 52427.64453125, 2460.789794921875]
[5493.5869140625, 21091.095703125, 9414.0029296875, 51478.98828125, 2460.966796875]
[5348.275390625, 20400.275390625, 9216.1494140625, 51754.0703125, 2461.991455078125]
[5357.17138671875, 20404.044921875, 9174.494140625, 50381.453125, 2461.89990234375]
[5298.3505859375, 20103.3125, 9063.1240234375, 49254.0703125, 2462.328857421875]
[5216.033203125, 19661.46875, 8895.52734375, 48508.796875, 2462.4951171875]
[5100.5888671875, 19064.59765625, 8685.978515625, 48129.4765625, 2463.047607421875]
[5067.9326171875, 18830.142578125, 8559.1181640625, 47190.140625, 2462.768798828125]
[4977.57763671875, 18332.416015625, 8366.8232421875, 46447.77734375, 2463.05859375]
[4957.30419921875, 18134.2734375, 8209.09765625, 45679.171875, 2463.017333984375]
[4792.974609375, 17355.38671875, 7996.29931640625, 45553.734375, 2464.587158203125]
[4789.48876953125, 17313.98046875, 7940.99267578125, 44349.8671875, 2464.504638671875]
[4739.583984375, 17007.80078125, 7786.1640625, 43661.66015625, 2464.56884765625]
[4664.24853515625, 16589.0703125, 7611.79150390625, 43045.71484375, 2464.703857421875]
[4565.6572265625, 15974.44140625, 7330.427734375, 42363.41796875, 2464.595703125]
[4515.58984375, 15710.177734375, 7230.49951171875, 41854.53125, 2464.850830078125]
[4503.1357421875, 15589.98828125, 7123.4140625, 41095.8203125, 2464.77197265625]
[4362.69384765625, 14919.931640625, 6964.36865234375, 41591.26953125, 2465.81298828125]
[4418.265625, 15181.267578125, 7010.2333984375, 39972.16796875, 2465.361328125]
[4404.4931640625, 15113.4453125, 6981.37451171875, 39337.390625, 2465.247314453125]
[4337.9423828125, 14772.6220703125, 6845.7041015625, 38748.6328125, 2465.12353515625]
[4244.73681640625, 14314.763671875, 6711.56884765625, 38458.21484375, 2465.160400390625]
[4188.0078125, 14018.814453125, 6600.69482421875, 38136.078125, 2465.22412109375]
[4141.7734375, 13756.12109375, 6476.95849609375, 37652.90234375, 2465.1923828125]
[4086.594970703125, 13478.515625, 6388.96923828125, 37377.0, 2465.544677734375]
[4015.895263671875, 13098.9248046875, 6217.05078125, 36776.90234375, 2465.85009765625]
[3952.224609375, 12805.3671875, 6146.82958984375, 36442.58203125, 2466.333251953125]
[3966.921875, 12866.1591796875, 6138.79296875, 35809.43359375, 2466.05322265625]
[3911.820068359375, 12616.5625, 6062.48779296875, 35429.23828125, 2466.11376953125]
[3888.021240234375, 12497.23828125, 6002.15966796875, 34961.984375, 2465.937744140625]
[3800.595703125, 12079.8125, 5845.0625, 34510.3984375, 2465.894775390625]
[3756.44140625, 11878.8095703125, 5751.57470703125, 34146.81640625, 2466.153076171875]
[3737.36767578125, 11785.49609375, 5711.7451171875, 33772.0546875, 2466.205078125]
[3675.51025390625, 11501.62890625, 5608.1669921875, 33265.19140625, 2466.633544921875]
[3672.195068359375, 11459.7275390625, 5551.91015625, 32806.453125, 2466.650146484375]
[3581.918212890625, 11065.435546875, 5422.900390625, 32603.6484375, 2467.155029296875]
[3571.888671875, 10995.18359375, 5364.1279296875, 31944.419921875, 2467.223388671875]
[3516.86669921875, 10733.9716796875, 5248.31103515625, 31439.478515625, 2467.60205078125]
[3478.909423828125, 10541.744140625, 5158.26416015625, 31245.62890625, 2467.466796875]
[3460.552734375, 10460.537109375, 5128.2490234375, 30957.77734375, 2467.75537109375]
[3418.353515625, 10274.0849609375, 5060.2705078125, 30611.6328125, 2468.125]
[3387.972900390625, 10133.8408203125, 5003.12353515625, 30344.267578125, 2468.266357421875]
[3318.206787109375, 9801.7998046875, 4852.98486328125, 30178.20703125, 2467.993408203125]
[3211.59326171875, 9383.140625, 4730.93359375, 30829.625, 2468.948486328125]
[3304.246337890625, 9690.2939453125, 4761.587890625, 29917.359375, 2468.097900390625]
[3296.671142578125, 9684.5302734375, 4786.77099609375, 29218.775390625, 2468.12353515625]
[3265.431396484375, 9550.3955078125, 4738.44921875, 29155.263671875, 2468.24462890625]
[3220.827880859375, 9355.6171875, 4664.86328125, 29129.5625, 2468.388427734375]
[3189.677734375, 9214.4287109375, 4603.06494140625, 28905.974609375, 2468.45068359375]
[3139.16357421875, 8988.716796875, 4503.41357421875, 28384.08984375, 2468.662353515625]
[3082.236328125, 8758.869140625, 4402.91748046875, 28313.681640625, 2469.1865234375]
[3074.115234375, 8715.34375, 4383.72021484375, 27818.138671875, 2469.127685546875]
[3041.4462890625, 8587.7158203125, 4341.130859375, 27579.357421875, 2469.381591796875]
[3026.524658203125, 8518.4248046875, 4302.2861328125, 27298.568359375, 2469.48876953125]
[2959.062744140625, 8279.638671875, 4225.27734375, 27230.958984375, 2470.0546875]
[2952.88427734375, 8245.779296875, 4200.173828125, 26758.681640625, 2469.882568359375]
[2927.12060546875, 8125.6162109375, 4140.9443359375, 26392.458984375, 2469.747802734375]
[2893.04833984375, 7985.09814453125, 4081.715087890625, 26183.580078125, 2469.876220703125]
[2853.223388671875, 7800.169921875, 3998.663818359375, 25912.865234375, 2470.1015625]
[2803.122802734375, 7599.82958984375, 3921.985107421875, 25802.7578125, 2470.588623046875]
[2797.962158203125, 7543.90380859375, 3881.327392578125, 25534.078125, 2470.79345703125]
[2758.949951171875, 7401.26123046875, 3832.739013671875, 25435.1640625, 2471.267822265625]
[2741.787841796875, 7322.54296875, 3793.33349609375, 25105.1640625, 2471.357666015625]
[2724.390625, 7236.35009765625, 3750.23486328125, 24796.84765625, 2471.37060546875]
[2684.6904296875, 7061.859375, 3675.7734375, 24507.228515625, 2471.4609375]
[2640.62158203125, 6859.076171875, 3589.59130859375, 24202.453125, 2471.622314453125]
[2625.6748046875, 6787.5087890625, 3555.765625, 23932.734375, 2471.674560546875]
[2576.853759765625, 6602.4580078125, 3497.906982421875, 23955.666015625, 2472.345703125]
[2577.5927734375, 6586.39990234375, 3477.09326171875, 23634.6171875, 2472.469970703125]
[2562.322265625, 6526.94775390625, 3455.564208984375, 23357.41015625, 2472.699951171875]
[2519.337646484375, 6364.39013671875, 3399.90234375, 23118.04296875, 2473.538818359375]
[2507.069091796875, 6312.33837890625, 3375.68994140625, 22875.19140625, 2473.775390625]
[2485.381103515625, 6231.1708984375, 3345.523681640625, 22621.765625, 2474.323486328125]
[2455.389892578125, 6117.56787109375, 3302.556396484375, 22500.248046875, 2474.94580078125]
[2440.425537109375, 6062.5244140625, 3281.154052734375, 22295.5390625, 2475.102783203125]
[2409.686767578125, 5953.43505859375, 3246.21630859375, 22201.78515625, 2475.523681640625]
[2381.022216796875, 5842.84228515625, 3197.292724609375, 21954.728515625, 2476.00634765625]
[2322.5888671875, 5648.927734375, 3148.34033203125, 21878.990234375, 2476.8349609375]
[2335.246826171875, 5684.3291015625, 3152.98974609375, 21534.392578125, 2476.527587890625]
[2322.47119140625, 5635.07666015625, 3134.529052734375, 21332.466796875, 2476.8974609375]
[2298.00048828125, 5542.869140625, 3101.32763671875, 21139.1796875, 2477.24853515625]
[2244.462890625, 5358.60302734375, 3045.477783203125, 21058.111328125, 2478.28662109375]
[2229.460205078125, 5297.283203125, 3019.19970703125, 20837.095703125, 2478.255615234375]
[2215.489990234375, 5246.97314453125, 3000.682373046875, 20699.849609375, 2478.459228515625]
[2178.49169921875, 5124.095703125, 2964.22998046875, 20607.81640625, 2479.1640625]
[2159.076416015625, 5049.7744140625, 2934.1474609375, 20423.4765625, 2479.780029296875]
[2128.5830078125, 4951.49072265625, 2908.930419921875, 20343.7578125, 2480.5390625]
[2107.923828125, 4871.7958984375, 2876.58935546875, 20162.30859375, 2480.95263671875]
[2088.9404296875, 4810.69677734375, 2859.2421875, 20036.66015625, 2481.33837890625]
[2080.9365234375, 4780.82763671875, 2845.47509765625, 19825.42578125, 2481.277587890625]
[2051.208740234375, 4684.7861328125, 2813.1689453125, 19746.673828125, 2481.65869140625]
[2042.3271484375, 4652.73828125, 2798.143798828125, 19564.62890625, 2481.531494140625]
[2021.4500732421875, 4585.81201171875, 2775.17529296875, 19429.748046875, 2481.820556640625]
[1977.8802490234375, 4452.2626953125, 2733.279296875, 19212.29296875, 2482.494384765625]
[1943.611083984375, 4338.818359375, 2693.576904296875, 19216.349609375, 2482.726318359375]
[1925.1427001953125, 4293.45703125, 2684.375732421875, 18958.19921875, 2483.097412109375]
[1934.74560546875, 4314.7490234375, 2686.062255859375, 18771.7265625, 2482.7734375]
[1905.5096435546875, 4233.05712890625, 2664.191650390625, 18720.58203125, 2483.2451171875]
[1886.5567626953125, 4173.72119140625, 2643.264404296875, 18576.30078125, 2483.399169921875]
[1848.8131103515625, 4053.801025390625, 2599.008056640625, 18401.0078125, 2483.859130859375]
[1820.8868408203125, 3971.71728515625, 2570.405517578125, 18322.896484375, 2484.265869140625]
[1811.1810302734375, 3940.629638671875, 2558.36572265625, 18217.64453125, 2484.50048828125]
[1773.6383056640625, 3839.88720703125, 2526.949951171875, 18164.626953125, 2485.4150390625]
[1771.498779296875, 3822.583984375, 2516.32421875, 18027.228515625, 2485.5]
[1746.703369140625, 3759.5849609375, 2497.947998046875, 17908.671875, 2485.993896484375]
[1717.156005859375, 3684.34619140625, 2474.890625, 17800.533203125, 2486.478759765625]
[1717.40869140625, 3681.428466796875, 2472.461669921875, 17683.72265625, 2486.361572265625]
[1699.5250244140625, 3627.748779296875, 2451.80078125, 17478.0625, 2486.48876953125]
[1679.2828369140625, 3558.828369140625, 2424.0283203125, 17315.26953125, 2486.645263671875]
[1656.259033203125, 3497.859619140625, 2403.1162109375, 17207.455078125, 2487.068115234375]
[1643.961669921875, 3453.5771484375, 2383.23193359375, 17099.552734375, 2487.2294921875]
[1605.601318359375, 3366.427001953125, 2358.4921875, 17112.109375, 2488.137939453125]
[1614.0220947265625, 3379.66064453125, 2359.46630859375, 16916.84375, 2487.963134765625]
[1599.4671630859375, 3337.318115234375, 2342.89501953125, 16780.55859375, 2488.264892578125]
[1585.0697021484375, 3301.375, 2330.419921875, 16706.474609375, 2488.62646484375]
[1559.96484375, 3239.349609375, 2308.90185546875, 16633.33203125, 2489.2705078125]
[1533.8692626953125, 3167.01220703125, 2280.6455078125, 16510.271484375, 2489.947998046875]
[1513.9190673828125, 3115.150390625, 2261.62158203125, 16394.568359375, 2490.5380859375]
[1511.8619384765625, 3102.54052734375, 2254.11279296875, 16273.8173828125, 2490.547607421875]
[1484.50830078125, 3035.414306640625, 2231.97607421875, 16214.2197265625, 2491.180419921875]
[1479.520751953125, 3016.426025390625, 2221.51708984375, 16046.4462890625, 2491.068603515625]
[1463.6529541015625, 2975.406494140625, 2205.88818359375, 15937.99609375, 2491.2900390625]
[1437.45458984375, 2911.918701171875, 2181.410400390625, 15851.9052734375, 2491.673095703125]
[1429.9327392578125, 2890.845703125, 2170.2021484375, 15722.5546875, 2491.73779296875]
[1411.1048583984375, 2847.602294921875, 2153.369873046875, 15640.8515625, 2492.067626953125]
[1394.101806640625, 2805.676513671875, 2133.395751953125, 15498.30078125, 2492.2880859375]
[1372.5186767578125, 2760.3720703125, 2115.894287109375, 15426.666015625, 2492.593505859375]
[1370.7330322265625, 2751.646484375, 2110.65869140625, 15304.833984375, 2492.53759765625]
[1348.512451171875, 2701.60546875, 2092.215087890625, 15235.2841796875, 2493.029296875]
[1347.9556884765625, 2693.156494140625, 2085.702880859375, 15133.28125, 2492.825927734375]
[1331.1873779296875, 2655.111328125, 2071.260009765625, 15073.79296875, 2493.160888671875]
[1298.35205078125, 2582.692138671875, 2042.4427490234375, 14973.939453125, 2493.856201171875]
[1285.1500244140625, 2551.51806640625, 2029.46875, 14879.419921875, 2494.08203125]
[1275.3951416015625, 2525.5419921875, 2016.061767578125, 14750.9033203125, 2494.189208984375]
[1239.9339599609375, 2455.30908203125, 1990.201416015625, 14733.068359375, 2494.99267578125]
[1246.2318115234375, 2459.5419921875, 1987.5228271484375, 14539.6904296875, 2494.7451171875]
[1239.0540771484375, 2443.96484375, 1981.202392578125, 14468.3056640625, 2494.913330078125]
[1227.6983642578125, 2418.195556640625, 1970.6075439453125, 14376.0673828125, 2495.1650390625]
[1202.3353271484375, 2366.65380859375, 1950.3946533203125, 14311.0947265625, 2495.609130859375]
[1192.63671875, 2341.14990234375, 1937.8212890625, 14171.4873046875, 2495.815185546875]
[1180.9666748046875, 2314.27587890625, 1925.643798828125, 14084.244140625, 2495.869873046875]
[1167.382080078125, 2282.4912109375, 1911.2735595703125, 14041.89453125, 2496.017578125]
[1159.1507568359375, 2264.19921875, 1903.346435546875, 13977.0771484375, 2496.004150390625]
[1144.74560546875, 2234.622802734375, 1892.0240478515625, 13930.9013671875, 2496.1025390625]
[1134.62939453125, 2209.925537109375, 1880.0206298828125, 13832.537109375, 2495.993408203125]
[1100.7196044921875, 2148.26416015625, 1859.2882080078125, 13863.3837890625, 2496.638427734375]
[1112.7855224609375, 2164.292724609375, 1860.494140625, 13705.2470703125, 2496.229248046875]
[1108.968505859375, 2154.86474609375, 1853.9593505859375, 13626.8134765625, 2496.220458984375]
[1095.4691162109375, 2125.764892578125, 1838.960205078125, 13563.3525390625, 2496.342529296875]
[1076.5479736328125, 2086.91357421875, 1821.1058349609375, 13458.072265625, 2496.470458984375]
[1047.6988525390625, 2029.15380859375, 1794.2926025390625, 13427.59375, 2496.703857421875]
[1051.8768310546875, 2035.1624755859375, 1795.8233642578125, 13314.0986328125, 2496.513427734375]
[1044.8331298828125, 2021.7823486328125, 1790.6644287109375, 13271.505859375, 2496.5146484375]
[1038.2498779296875, 2007.343994140625, 1783.19287109375, 13188.7119140625, 2496.501708984375]
[1012.8470458984375, 1959.9056396484375, 1762.5283203125, 13136.4208984375, 2496.71923828125]
[1007.034912109375, 1946.4669189453125, 1753.8697509765625, 13043.4794921875, 2496.793212890625]
[999.21435546875, 1930.437744140625, 1745.349365234375, 12996.3134765625, 2496.92431640625]
[990.170166015625, 1910.401611328125, 1733.9410400390625, 12909.6923828125, 2497.069091796875]
[967.7767333984375, 1868.0067138671875, 1713.1099853515625, 12846.0634765625, 2497.524658203125]
[968.40380859375, 1863.1348876953125, 1707.39501953125, 12742.59375, 2497.47412109375]
[955.0354614257812, 1841.686279296875, 1698.6107177734375, 12708.640625, 2497.680419921875]
[954.504150390625, 1840.12646484375, 1697.2911376953125, 12636.759765625, 2497.685302734375]
[946.29931640625, 1824.78662109375, 1689.572509765625, 12581.953125, 2497.791015625]
[936.0449829101562, 1805.837646484375, 1678.9525146484375, 12505.52734375, 2497.986572265625]
[923.8069458007812, 1780.550537109375, 1664.413818359375, 12451.2998046875, 2498.20361328125]
[915.7449951171875, 1763.221435546875, 1653.7440185546875, 12394.513671875, 2498.39599609375]
[908.5501708984375, 1747.155029296875, 1643.3170166015625, 12328.705078125, 2498.609619140625]
[890.9830932617188, 1712.720458984375, 1622.985107421875, 12291.1337890625, 2499.008544921875]
[896.5596313476562, 1717.4666748046875, 1621.775146484375, 12184.5458984375, 2498.9736328125]
[885.36181640625, 1700.9737548828125, 1614.025390625, 12153.1171875, 2499.262939453125]
[883.83642578125, 1697.5440673828125, 1611.60302734375, 12100.427734375, 2499.22119140625]
[878.11083984375, 1686.6488037109375, 1604.5853271484375, 12040.3408203125, 2499.25048828125]
[869.788330078125, 1670.45068359375, 1594.370849609375, 11973.25390625, 2499.3466796875]
[852.8302612304688, 1640.25390625, 1575.319580078125, 11913.419921875, 2499.64501953125]
[846.7400512695312, 1625.5355224609375, 1565.6461181640625, 11840.259765625, 2499.83984375]
[840.9845581054688, 1613.981689453125, 1558.269775390625, 11794.6240234375, 2500.018798828125]
[834.7996826171875, 1600.638671875, 1549.370361328125, 11737.86328125, 2500.244384765625]
[825.0255737304688, 1582.853759765625, 1538.065673828125, 11706.912109375, 2500.46240234375]
[824.1006469726562, 1578.2001953125, 1533.52978515625, 11649.8427734375, 2500.40380859375]
[807.7315063476562, 1552.3907470703125, 1517.2286376953125, 11655.9375, 2500.798828125]
[814.4762573242188, 1561.2532958984375, 1521.6209716796875, 11573.5751953125, 2500.52392578125]
[814.0430297851562, 1560.483642578125, 1520.4808349609375, 11523.330078125, 2500.466552734375]
[808.7279663085938, 1549.966552734375, 1512.428955078125, 11449.642578125, 2500.46923828125]
[799.3873901367188, 1534.5947265625, 1502.0816650390625, 11397.92578125, 2500.6220703125]
[787.5425415039062, 1512.81640625, 1487.5213623046875, 11365.9208984375, 2500.863037109375]
[783.06201171875, 1503.274169921875, 1480.9613037109375, 11319.10546875, 2500.950927734375]
[773.4136352539062, 1484.963134765625, 1468.7279052734375, 11258.5693359375, 2501.095703125]
[766.69287109375, 1470.7823486328125, 1458.915283203125, 11200.5751953125, 2501.1865234375]
[760.6842041015625, 1459.6239013671875, 1451.3507080078125, 11153.2841796875, 2501.254150390625]
[754.31787109375, 1448.6383056640625, 1443.8951416015625, 11110.857421875, 2501.332275390625]
[750.8330078125, 1441.0013427734375, 1438.4207763671875, 11050.2412109375, 2501.32763671875]
[730.921875, 1412.7510986328125, 1419.7130126953125, 11057.0302734375, 2501.66455078125]
[738.66796875, 1419.013427734375, 1423.3824462890625, 10942.228515625, 2501.3857421875]
[736.29736328125, 1414.67041015625, 1420.2039794921875, 10899.587890625, 2501.45166015625]
[731.044189453125, 1405.334228515625, 1413.6834716796875, 10865.9697265625, 2501.510009765625]
[724.4532470703125, 1394.0289306640625, 1405.4844970703125, 10820.591796875, 2501.540283203125]
[713.4757080078125, 1373.6802978515625, 1389.868896484375, 10776.056640625, 2501.6162109375]
[712.3492431640625, 1370.14697265625, 1386.796630859375, 10715.6416015625, 2501.5166015625]
[709.2093505859375, 1363.6558837890625, 1381.7371826171875, 10680.83203125, 2501.5224609375]
[705.1721801757812, 1354.855224609375, 1374.723876953125, 10634.6337890625, 2501.51171875]
[691.7030029296875, 1331.21923828125, 1356.7454833984375, 10613.1279296875, 2501.774169921875]
[694.832763671875, 1332.92724609375, 1356.5723876953125, 10544.1689453125, 2501.60205078125]
[690.010009765625, 1325.711181640625, 1351.4678955078125, 10520.0595703125, 2501.64208984375]
[688.0662231445312, 1322.895751953125, 1349.184326171875, 10487.146484375, 2501.701171875]
[683.8058471679688, 1316.1622314453125, 1343.8795166015625, 10430.724609375, 2501.785888671875]
[676.4695434570312, 1302.7078857421875, 1332.3565673828125, 10401.76171875, 2501.924560546875]
[674.4314575195312, 1298.655517578125, 1329.4844970703125, 10339.5078125, 2501.88818359375]
[671.6988525390625, 1292.2296142578125, 1324.6212158203125, 10305.7783203125, 2501.84326171875]
[667.2540283203125, 1283.8314208984375, 1318.2838134765625, 10284.65625, 2501.8720703125]
[661.8989868164062, 1271.5716552734375, 1308.6614990234375, 10250.412109375, 2501.848876953125]
[654.6812744140625, 1259.8779296875, 1299.872314453125, 10223.134765625, 2501.994384765625]
[653.5033569335938, 1256.6807861328125, 1297.0443115234375, 10182.9609375, 2501.996337890625]
[643.5330810546875, 1241.620361328125, 1285.448486328125, 10152.7998046875, 2502.18310546875]
[647.458984375, 1246.7713623046875, 1288.7337646484375, 10094.9384765625, 2502.11767578125]
[644.6146850585938, 1242.8646240234375, 1285.7552490234375, 10061.2333984375, 2502.16552734375]
[637.2879028320312, 1232.230712890625, 1277.5010986328125, 10027.5400390625, 2502.25390625]
[634.0701293945312, 1225.8798828125, 1272.519775390625, 9992.556640625, 2502.3173828125]
[627.5681762695312, 1213.3814697265625, 1262.657958984375, 9941.09375, 2502.3828125]
[623.03759765625, 1203.4849853515625, 1254.953857421875, 9901.8017578125, 2502.49658203125]
[615.66064453125, 1189.0745849609375, 1243.99951171875, 9854.2998046875, 2502.646484375]
[612.5087280273438, 1181.22216796875, 1237.6968994140625, 9821.4873046875, 2502.699462890625]
[609.3089599609375, 1176.268798828125, 1234.201416015625, 9794.767578125, 2502.8017578125]
[610.2446899414062, 1176.8695068359375, 1234.647705078125, 9755.369140625, 2502.818115234375]
[603.8712158203125, 1168.3050537109375, 1228.49755859375, 9743.3681640625, 2502.982421875]
[603.5587768554688, 1167.1427001953125, 1227.3057861328125, 9706.0703125, 2502.995361328125]
[598.4071655273438, 1156.16796875, 1218.422119140625, 9635.3759765625, 2503.146240234375]
[594.8187255859375, 1148.2467041015625, 1212.0908203125, 9614.7021484375, 2503.26220703125]
[592.6661987304688, 1143.73388671875, 1208.6376953125, 9592.779296875, 2503.29736328125]
[585.888916015625, 1130.5819091796875, 1198.8846435546875, 9554.0390625, 2503.43603515625]
[583.6016845703125, 1125.5797119140625, 1194.9158935546875, 9517.91015625, 2503.467041015625]
[574.50390625, 1109.458251953125, 1183.2249755859375, 9483.1650390625, 2503.7314453125]
[575.2296752929688, 1109.3758544921875, 1182.509521484375, 9434.875, 2503.6572265625]
[571.2393798828125, 1103.1160888671875, 1177.9622802734375, 9408.4365234375, 2503.764892578125]
[567.3833618164062, 1097.047607421875, 1173.5772705078125, 9366.0625, 2503.914306640625]
[564.8422241210938, 1093.10107421875, 1170.589599609375, 9333.2529296875, 2503.96923828125]
[560.00537109375, 1084.15771484375, 1163.67724609375, 9279.4619140625, 2504.100341796875]
[553.5584716796875, 1073.5360107421875, 1155.669677734375, 9252.78125, 2504.31982421875]
[553.2077026367188, 1070.41259765625, 1152.8997802734375, 9214.5458984375, 2504.290283203125]
[548.53076171875, 1061.6397705078125, 1146.2086181640625, 9187.408203125, 2504.407470703125]
[546.8148193359375, 1056.2275390625, 1142.077880859375, 9161.0068359375, 2504.43359375]
[542.6597290039062, 1048.05419921875, 1136.03369140625, 9127.8017578125, 2504.495361328125]
[536.0813598632812, 1036.1954345703125, 1127.8826904296875, 9100.833984375, 2504.6240234375]
[534.52587890625, 1031.9952392578125, 1124.9744873046875, 9067.220703125, 2504.5478515625]
[528.8604736328125, 1023.1950073242188, 1119.2374267578125, 9051.5234375, 2504.69970703125]
[528.2841796875, 1021.83984375, 1118.2490234375, 9020.2177734375, 2504.711181640625]
[525.3861694335938, 1016.4222412109375, 1114.416015625, 8980.044921875, 2504.810546875]
[520.2617797851562, 1006.25146484375, 1107.0126953125, 8944.275390625, 2504.97314453125]
[516.4849243164062, 999.0278930664062, 1101.9141845703125, 8914.59375, 2505.084716796875]
[513.1122436523438, 992.7872924804688, 1097.463623046875, 8889.5947265625, 2505.189453125]
[508.8140869140625, 984.8226928710938, 1091.88623046875, 8858.4248046875, 2505.254150390625]
[502.2396545410156, 973.4486083984375, 1084.1339111328125, 8826.431640625, 2505.421630859375]
[500.9147644042969, 970.6011962890625, 1081.9864501953125, 8790.5361328125, 2505.36376953125]
[495.6622314453125, 963.4114990234375, 1077.485107421875, 8779.3759765625, 2505.459228515625]
[498.06689453125, 965.200439453125, 1078.286865234375, 8752.0849609375, 2505.290283203125]
[495.89892578125, 962.1735229492188, 1076.2684326171875, 8723.8466796875, 2505.376220703125]
[488.330322265625, 950.5162353515625, 1068.65576171875, 8690.7978515625, 2505.586181640625]
[486.99822998046875, 947.686767578125, 1066.4027099609375, 8663.7841796875, 2505.57275390625]
[482.16314697265625, 938.1834106445312, 1059.6588134765625, 8632.9609375, 2505.55712890625]
[477.83355712890625, 930.4447021484375, 1053.9798583984375, 8601.427734375, 2505.526123046875]
[472.493896484375, 920.731689453125, 1046.852294921875, 8571.0390625, 2505.5185546875]
[471.23907470703125, 917.845458984375, 1044.5064697265625, 8547.9775390625, 2505.468505859375]
[469.4405212402344, 915.034423828125, 1042.3848876953125, 8524.8408203125, 2505.496337890625]
[469.0408630371094, 912.01953125, 1039.2686767578125, 8477.3125, 2505.4306640625]
[461.1665954589844, 898.9867553710938, 1030.5615234375, 8461.650390625, 2505.594970703125]
[463.10443115234375, 900.1826782226562, 1030.5006103515625, 8412.255859375, 2505.5390625]
[460.365478515625, 894.5831298828125, 1026.5010986328125, 8392.189453125, 2505.534423828125]
[459.01483154296875, 890.8346557617188, 1023.2535400390625, 8374.2353515625, 2505.49609375]
[454.91839599609375, 883.4063110351562, 1018.4412231445312, 8361.962890625, 2505.5634765625]
[450.3340759277344, 874.6863403320312, 1012.6221313476562, 8338.4951171875, 2505.607177734375]
[447.23101806640625, 868.2923583984375, 1008.2819213867188, 8309.775390625, 2505.71484375]
[445.8926086425781, 865.382080078125, 1005.982666015625, 8278.7021484375, 2505.72216796875]
[443.8942565917969, 861.6317749023438, 1003.1508178710938, 8250.2763671875, 2505.76904296875]
[441.9667053222656, 857.7974853515625, 1000.072509765625, 8218.353515625, 2505.8359375]
[436.8144226074219, 847.9788818359375, 992.6095581054688, 8201.6328125, 2505.9501953125]
[435.6248474121094, 845.6004638671875, 990.6859741210938, 8167.080078125, 2505.997802734375]
[434.35711669921875, 842.8499755859375, 988.5319213867188, 8149.013671875, 2506.0078125]
[431.06341552734375, 836.476318359375, 983.9506225585938, 8125.59033203125, 2506.042724609375]
[428.2616271972656, 829.7159423828125, 978.250244140625, 8094.1240234375, 2506.060791015625]
[418.27813720703125, 814.3991088867188, 968.7726440429688, 8108.068359375, 2506.295166015625]
[422.053466796875, 818.7193603515625, 970.6026000976562, 8056.53369140625, 2506.189697265625]
[421.89471435546875, 818.8268432617188, 970.4929809570312, 8035.86572265625, 2506.20703125]
[419.58428955078125, 814.9304809570312, 967.5005493164062, 8019.22802734375, 2506.290771484375]
[415.94964599609375, 809.1016235351562, 962.9031982421875, 7996.4267578125, 2506.40673828125]
[412.2982177734375, 801.9715576171875, 957.1155395507812, 7968.466796875, 2506.519287109375]
[410.4492492675781, 798.5419921875, 954.2553100585938, 7947.41259765625, 2506.52734375]
[407.02587890625, 792.0652465820312, 949.2999267578125, 7916.9482421875, 2506.60595703125]
[403.6241455078125, 785.6917724609375, 944.5259399414062, 7893.14599609375, 2506.57568359375]
[402.7666320800781, 783.7021484375, 943.0254516601562, 7870.208984375, 2506.60693359375]
[399.73077392578125, 778.5036010742188, 939.3878784179688, 7850.16064453125, 2506.726318359375]
[400.04949951171875, 776.8776245117188, 937.60107421875, 7820.7998046875, 2506.733154296875]
[395.2764587402344, 769.020263671875, 931.8287353515625, 7798.16357421875, 2506.9150390625]
[393.1112365722656, 764.4599609375, 927.9402465820312, 7769.06689453125, 2506.964599609375]
[390.7782897949219, 759.8681640625, 924.017822265625, 7742.10009765625, 2506.989990234375]
[389.0212097167969, 755.71728515625, 920.5353393554688, 7718.44140625, 2506.983154296875]
[386.4295959472656, 750.9910888671875, 916.93212890625, 7697.125, 2507.00830078125]
[383.2789001464844, 744.56884765625, 912.0717163085938, 7670.7978515625, 2507.02490234375]
[380.5293273925781, 739.72216796875, 908.6520385742188, 7650.18359375, 2507.1259765625]
[379.57696533203125, 737.5543823242188, 907.069580078125, 7631.32421875, 2507.15869140625]
[375.4491882324219, 730.4188232421875, 902.0968017578125, 7611.0537109375, 2507.30224609375]
[375.3544921875, 728.0322265625, 899.8505249023438, 7586.59765625, 2507.356201171875]
[372.1127014160156, 722.924560546875, 896.2159423828125, 7565.12890625, 2507.448486328125]
[369.7569274902344, 718.7753295898438, 892.8931884765625, 7543.46826171875, 2507.5244140625]
[368.4200439453125, 715.970458984375, 890.5004272460938, 7523.9765625, 2507.607421875]
[366.55743408203125, 711.5848999023438, 886.5421752929688, 7498.22900390625, 2507.675048828125]
[363.2142333984375, 705.6649780273438, 882.0103149414062, 7483.3740234375, 2507.882080078125]
[363.0124206542969, 704.7537841796875, 880.995849609375, 7462.09033203125, 2507.88037109375]
[360.137939453125, 700.0972290039062, 877.4190673828125, 7444.66552734375, 2507.946044921875]
[357.5877685546875, 695.9472045898438, 874.1932373046875, 7421.9462890625, 2507.968505859375]
[355.32928466796875, 692.5817260742188, 871.3449096679688, 7399.736328125, 2508.00439453125]
[352.8460693359375, 688.552490234375, 867.9736938476562, 7381.1875, 2508.0830078125]
[351.1590576171875, 685.4144897460938, 865.1123657226562, 7360.2978515625, 2508.182373046875]
[349.1754150390625, 681.2088623046875, 861.5746459960938, 7346.34375, 2508.298828125]
[347.4846496582031, 677.6998291015625, 858.6181640625, 7330.8720703125, 2508.38818359375]
[346.18060302734375, 674.5516357421875, 856.083740234375, 7318.1220703125, 2508.438720703125]
[343.8269348144531, 670.4906005859375, 852.9459228515625, 7301.7626953125, 2508.46923828125]
[342.3146057128906, 667.0379028320312, 850.086669921875, 7272.0966796875, 2508.4365234375]
[334.1003112792969, 656.4617919921875, 842.579833984375, 7292.53369140625, 2508.713134765625]
[337.8818054199219, 661.0146484375, 845.58837890625, 7231.12451171875, 2508.469970703125]
[337.64727783203125, 660.4970703125, 845.0975952148438, 7218.9677734375, 2508.50927734375]
[335.84149169921875, 657.923828125, 842.96044921875, 7203.3603515625, 2508.624267578125]
[333.54840087890625, 654.2125854492188, 839.970703125, 7184.59521484375, 2508.734619140625]
[329.3697204589844, 647.1795043945312, 834.2432861328125, 7165.13427734375, 2508.9521484375]
[328.06402587890625, 644.4380493164062, 832.1757202148438, 7146.20556640625, 2508.984619140625]
[327.7124938964844, 643.2068481445312, 831.1268310546875, 7132.7724609375, 2508.97705078125]
[325.5227355957031, 639.3223876953125, 827.9615478515625, 7116.984375, 2509.052978515625]
[323.470947265625, 634.6334838867188, 823.9686279296875, 7089.86572265625, 2509.14404296875]
[319.22467041015625, 628.1226806640625, 818.7537231445312, 7074.9638671875, 2509.32373046875]
[319.5063171386719, 627.7313232421875, 818.288818359375, 7057.3310546875, 2509.279052734375]
[317.34271240234375, 624.456298828125, 815.6793823242188, 7041.18115234375, 2509.324462890625]
[316.51019287109375, 622.3389282226562, 814.0245971679688, 7015.68115234375, 2509.258056640625]
[313.78338623046875, 617.6935424804688, 810.382568359375, 6991.4248046875, 2509.240966796875]
[311.1929931640625, 612.6160888671875, 806.3832397460938, 6974.4228515625, 2509.29833984375]
[310.6913757324219, 611.5048828125, 805.33740234375, 6958.1474609375, 2509.29443359375]
[308.90289306640625, 608.7108764648438, 803.0709838867188, 6948.5166015625, 2509.401123046875]
[308.0310363769531, 606.6699829101562, 801.2058715820312, 6930.14794921875, 2509.459228515625]
[303.6435852050781, 599.6185913085938, 795.6369018554688, 6912.6376953125, 2509.723876953125]
[303.0034484863281, 597.44580078125, 793.54296875, 6889.3662109375, 2509.7353515625]
[301.552978515625, 594.8372802734375, 791.373779296875, 6873.7333984375, 2509.7958984375]
[299.32000732421875, 591.1162719726562, 788.2855224609375, 6858.435546875, 2509.84912109375]
[298.65032958984375, 589.633056640625, 786.8241577148438, 6838.31689453125, 2509.875732421875]
[296.45404052734375, 586.5491333007812, 784.4049072265625, 6821.39599609375, 2509.977294921875]
[294.40576171875, 583.2490844726562, 781.5682983398438, 6799.1845703125, 2510.052734375]
[292.07080078125, 580.4031982421875, 779.291748046875, 6788.03271484375, 2510.18359375]
[291.17779541015625, 578.8693237304688, 777.8878784179688, 6770.833984375, 2510.21337890625]
[287.9110107421875, 574.0042724609375, 773.8973388671875, 6758.91796875, 2510.3173828125]
[288.3009948730469, 573.9360961914062, 773.5809326171875, 6741.201171875, 2510.245361328125]
[287.3231201171875, 572.370361328125, 772.3265380859375, 6731.9140625, 2510.273193359375]
[285.6229553222656, 569.5272827148438, 769.81396484375, 6713.27685546875, 2510.298583984375]
[282.46795654296875, 564.4047241210938, 765.8721313476562, 6699.20751953125, 2510.504150390625]
[281.7961730957031, 563.2048950195312, 764.5604248046875, 6677.1328125, 2510.5078125]
[279.81829833984375, 560.2254028320312, 761.856689453125, 6660.43896484375, 2510.5947265625]
[278.9468078613281, 558.619140625, 760.487548828125, 6648.76416015625, 2510.62109375]
[274.945068359375, 552.6972045898438, 755.6192016601562, 6629.2236328125, 2510.76220703125]
[274.8021545410156, 550.3143310546875, 753.8618774414062, 6618.9833984375, 2510.653076171875]
[273.27813720703125, 548.9065551757812, 752.6929321289062, 6600.6552734375, 2510.73583984375]
[272.62017822265625, 548.1971435546875, 752.0792236328125, 6587.09326171875, 2510.76123046875]
[271.5721435546875, 546.6035766601562, 750.7886352539062, 6575.98583984375, 2510.79345703125]
[270.81854248046875, 544.0894775390625, 748.6508178710938, 6556.0556640625, 2510.81005859375]
[267.3331604003906, 538.690185546875, 744.4241943359375, 6546.3427734375, 2510.969482421875]
[268.02008056640625, 538.8864135742188, 744.3810424804688, 6531.28125, 2510.944580078125]
[267.0211486816406, 536.8366088867188, 742.6671752929688, 6521.99560546875, 2511.000244140625]
[265.8594970703125, 534.6764526367188, 740.8043212890625, 6506.5859375, 2511.060791015625]
[263.1022644042969, 530.11962890625, 737.0160522460938, 6490.97998046875, 2511.180908203125]
[261.52978515625, 527.291015625, 734.603759765625, 6475.548828125, 2511.252197265625]
[260.5430908203125, 525.4947509765625, 732.8355102539062, 6458.48583984375, 2511.262451171875]
[258.7381896972656, 522.6038818359375, 730.3265380859375, 6443.349609375, 2511.31396484375]
[257.494384765625, 520.3776245117188, 728.1670532226562, 6422.94921875, 2511.295166015625]
[254.89979553222656, 516.540771484375, 725.0517578125, 6414.072265625, 2511.392822265625]
[254.1761474609375, 515.0520629882812, 723.6669311523438, 6399.10107421875, 2511.375]
[251.7693328857422, 511.52593994140625, 720.8342895507812, 6386.1474609375, 2511.448974609375]
[250.2190704345703, 508.570556640625, 718.34423828125, 6366.63916015625, 2511.4658203125]
[247.7843780517578, 505.0548400878906, 715.4814453125, 6354.49755859375, 2511.531005859375]
[247.55374145507812, 504.4490051269531, 714.9569091796875, 6338.7421875, 2511.516357421875]
[245.98414611816406, 502.25567626953125, 713.20703125, 6327.37255859375, 2511.585693359375]
[245.41822814941406, 501.17291259765625, 712.2575073242188, 6310.6845703125, 2511.59814453125]
[243.0659942626953, 498.21942138671875, 709.6619873046875, 6300.09375, 2511.70947265625]
[241.93508911132812, 496.0784912109375, 707.8178100585938, 6284.72216796875, 2511.743896484375]
[241.54869079589844, 494.9942321777344, 706.8262939453125, 6274.08203125, 2511.73095703125]
[238.9598846435547, 491.3302917480469, 703.50732421875, 6264.21875, 2511.81494140625]
Iteration: 505, loss: 10209.831055
[237.4963836669922, 488.2323303222656, 700.7431030273438, 6247.93212890625, 2511.812255859375]
[235.3410186767578, 485.2679138183594, 697.95703125, 6235.94873046875, 2511.887451171875]
[234.25509643554688, 483.21490478515625, 696.0699462890625, 6222.56591796875, 2511.9033203125]
[232.80535888671875, 480.8667907714844, 693.8590087890625, 6206.96142578125, 2511.9375]
[231.59646606445312, 478.1983642578125, 691.4268188476562, 6189.56884765625, 2511.93359375]
[231.08956909179688, 477.249755859375, 690.4459838867188, 6176.76806640625, 2511.9296875]
[230.22398376464844, 475.9782409667969, 689.29296875, 6168.3916015625, 2511.94384765625]
[230.4815673828125, 475.7113952636719, 688.8783569335938, 6155.0732421875, 2511.904296875]
[227.76869201660156, 472.1154479980469, 685.6552124023438, 6146.05078125, 2511.989013671875]
[226.91567993164062, 470.5711669921875, 684.1853637695312, 6132.2958984375, 2511.99560546875]
[225.49960327148438, 468.1330871582031, 681.7805786132812, 6117.66552734375, 2512.010498046875]
[224.51779174804688, 466.00628662109375, 679.6539916992188, 6105.46875, 2511.98388671875]
[222.91427612304688, 463.3442687988281, 676.9649047851562, 6092.70654296875, 2511.982177734375]
[221.86143493652344, 461.3860168457031, 674.91064453125, 6077.998046875, 2511.947998046875]
[220.1971893310547, 458.9171142578125, 672.4075317382812, 6065.93505859375, 2511.982421875]
[219.41050720214844, 457.8712158203125, 671.2828369140625, 6052.7119140625, 2511.96923828125]
/usr/local/lib/python3.6/dist-packages/torchvision/transforms/transforms.py:220: UserWarning: The use of the transforms.Scale transform is deprecated, please use transforms.Resize instead.
  "please use transforms.Resize instead.")
HR iterations
[4880.81201171875, 2255603.75, 500211.59375, 46172340.0, 1882.0108642578125]
[4880.8115234375, 2255603.75, 500211.59375, 46172336.0, 1882.0108642578125]
[4476.759765625, 2502641.75, 1726613.875, 224629904.0, 3008.68359375]
[3641.95703125, 1881613.5, 1076982.625, 63155968.0, 2645.133544921875]
[492.9019775390625, 73532.0859375, 203555.375, 12710436.0, 2296.837646484375]
[1098.8328857421875, 260950.859375, 99448.640625, 4791317.5, 2194.607177734375]
[1085.684814453125, 256078.1875, 96628.125, 2651074.5, 2174.540283203125]
[1062.7415771484375, 244763.25, 92844.2265625, 2112698.75, 2176.02783203125]
[904.1646118164062, 176666.546875, 82124.1875, 1058613.5, 2196.24951171875]
[822.83837890625, 146993.890625, 76021.4453125, 721264.0625, 2200.66064453125]
[798.523193359375, 139053.703125, 71279.4375, 558375.75, 2204.005615234375]
[769.9678344726562, 129940.3359375, 67101.875, 455451.96875, 2207.32373046875]
[744.2724609375, 121856.9140625, 62498.27734375, 368088.8125, 2209.880615234375]
[717.7409057617188, 112976.46875, 58010.71484375, 330748.125, 2214.588623046875]
[719.4786376953125, 113480.3671875, 57522.90234375, 289159.15625, 2213.328857421875]
[709.6941528320312, 109783.671875, 56028.1953125, 251186.0625, 2212.510498046875]
[688.533203125, 102292.4140625, 53798.21484375, 219561.21875, 2212.46044921875]
[618.2676391601562, 78689.046875, 47780.40234375, 175708.5, 2216.51953125]
[551.2137451171875, 57916.2890625, 43273.9609375, 186805.53125, 2215.9677734375]
[553.0076293945312, 58454.390625, 42833.03125, 145573.734375, 2217.212158203125]
[537.1524047851562, 53997.90625, 41404.63671875, 136730.359375, 2218.974609375]
[510.11199951171875, 46745.25390625, 38926.3515625, 125600.6953125, 2219.952880859375]
[466.0582580566406, 36241.61328125, 34976.97265625, 111939.8203125, 2222.553955078125]
[430.6907653808594, 29456.607421875, 31797.65234375, 101145.078125, 2220.86328125]
[422.24212646484375, 27991.158203125, 30484.099609375, 92797.7265625, 2220.339599609375]
[419.7237243652344, 27542.95703125, 29994.189453125, 86843.796875, 2220.2744140625]
[405.7126770019531, 25537.39453125, 28529.255859375, 78438.84375, 2220.878173828125]
[398.214111328125, 24065.62890625, 26230.6796875, 74664.9609375, 2221.590576171875]
[388.2048034667969, 23016.28515625, 25342.9140625, 68585.0703125, 2222.129638671875]
[382.0200500488281, 22292.947265625, 24272.982421875, 64663.28515625, 2221.740478515625]
[372.1991882324219, 21435.12890625, 22908.0390625, 62629.53515625, 2223.19384765625]
[365.718994140625, 20060.142578125, 20348.748046875, 58982.54296875, 2222.11962890625]
[356.7322998046875, 19205.185546875, 18676.423828125, 55169.69140625, 2223.794189453125]
[356.3202209472656, 18520.6015625, 17683.2734375, 51609.87890625, 2223.18994140625]
[351.82635498046875, 17721.83203125, 16418.236328125, 48642.46875, 2222.838623046875]
[353.9448547363281, 16707.095703125, 15218.271484375, 45459.6953125, 2220.854248046875]
[348.04144287109375, 15763.5634765625, 13931.5888671875, 43287.3125, 2221.23388671875]
[347.1250305175781, 15052.189453125, 13075.4892578125, 40808.0234375, 2220.802490234375]
[348.5999755859375, 14665.787109375, 12672.791015625, 38923.79296875, 2220.41015625]
[343.7357177734375, 14004.5830078125, 11814.0859375, 38300.30859375, 2221.46240234375]
[341.1163330078125, 13384.900390625, 11103.5625, 36561.28125, 2221.96630859375]
[337.4368896484375, 12363.341796875, 9997.283203125, 34760.06640625, 2222.270751953125]
[339.3746032714844, 11777.2177734375, 9457.1396484375, 32947.8125, 2221.4228515625]
[339.26007080078125, 11387.7998046875, 9071.5390625, 31947.498046875, 2221.2275390625]
[340.8392028808594, 10372.8388671875, 8049.1044921875, 31105.8984375, 2220.905029296875]
[340.31524658203125, 9974.60546875, 7688.12255859375, 29659.138671875, 2220.9501953125]
[339.28985595703125, 9651.2099609375, 7414.9111328125, 28987.79296875, 2221.440673828125]
[339.404052734375, 9190.2705078125, 6962.39404296875, 27965.080078125, 2221.89697265625]
[337.1024475097656, 8725.751953125, 6659.28662109375, 27200.443359375, 2222.70947265625]
[336.82080078125, 8797.3642578125, 6704.05029296875, 25782.759765625, 2222.307373046875]
[335.5123291015625, 8510.94921875, 6462.38037109375, 24615.978515625, 2222.786865234375]
[335.7552490234375, 8183.8369140625, 6182.00390625, 23921.142578125, 2222.875732421875]
[336.95147705078125, 7904.69091796875, 5937.8349609375, 23396.224609375, 2223.1865234375]
[339.0867004394531, 7547.73046875, 5614.865234375, 22711.826171875, 2223.709716796875]
[342.0190124511719, 7413.1240234375, 5367.923828125, 22138.875, 2223.10546875]
[341.1688232421875, 7298.173828125, 5305.5615234375, 21226.578125, 2223.090087890625]
[339.2345275878906, 7020.23828125, 5161.7333984375, 20504.0390625, 2222.962890625]
[336.9638977050781, 6988.3115234375, 5149.0439453125, 19880.57421875, 2222.36376953125]
[334.90069580078125, 6727.12890625, 5000.8779296875, 19377.013671875, 2222.509765625]
[332.1341247558594, 6408.8583984375, 4819.93408203125, 18849.29296875, 2222.80224609375]
[330.6664123535156, 6277.27392578125, 4741.7138671875, 18350.41015625, 2223.07861328125]
[329.6378173828125, 5975.23583984375, 4541.404296875, 17849.982421875, 2223.32861328125]
[328.9443054199219, 5788.294921875, 4401.29833984375, 17279.1796875, 2223.52197265625]
[328.9852294921875, 5656.44287109375, 4303.6513671875, 16915.16015625, 2223.47607421875]
[329.2978515625, 5428.34521484375, 4097.96240234375, 16429.7421875, 2222.493896484375]
[327.4891662597656, 5221.41064453125, 3990.422119140625, 16093.1220703125, 2223.11865234375]
[326.6282958984375, 5248.50146484375, 4005.96337890625, 15653.9248046875, 2222.794677734375]
[324.2504577636719, 5081.73486328125, 3917.641357421875, 15247.0185546875, 2223.03662109375]
[322.5846252441406, 4940.49267578125, 3836.6064453125, 14976.7314453125, 2223.22021484375]
[318.43145751953125, 4646.67919921875, 3676.362060546875, 14526.4755859375, 2223.528564453125]
[314.9894104003906, 4431.54833984375, 3549.443603515625, 14406.263671875, 2223.424560546875]
[314.4522399902344, 4408.79736328125, 3540.3251953125, 13929.173828125, 2223.2275390625]
[312.8005065917969, 4304.3994140625, 3486.24853515625, 13639.5009765625, 2223.052734375]
[311.0582275390625, 4203.9736328125, 3427.4765625, 13262.3388671875, 2222.65625]
[306.2314453125, 3891.6474609375, 3252.211669921875, 13028.3642578125, 2222.66015625]
[305.4372253417969, 3813.6171875, 3188.71142578125, 12591.865234375, 2222.195556640625]
[304.01995849609375, 3709.121337890625, 3123.967041015625, 12363.712890625, 2222.42333984375]
[301.4437255859375, 3502.265625, 2995.163818359375, 12111.080078125, 2222.869140625]
[300.3036804199219, 3423.67333984375, 2935.150146484375, 11854.650390625, 2223.008056640625]
[298.1936340332031, 3310.636962890625, 2876.42919921875, 11663.7578125, 2223.240234375]
[295.6973876953125, 3199.592529296875, 2816.294677734375, 11424.7451171875, 2223.06103515625]
[293.2020568847656, 3097.67138671875, 2763.888916015625, 11331.60546875, 2223.151611328125]
[290.4783935546875, 3002.7685546875, 2711.95263671875, 11078.1572265625, 2223.02685546875]
[285.49639892578125, 2822.072021484375, 2612.18408203125, 10862.318359375, 2223.0859375]
[284.517822265625, 2776.66162109375, 2576.4462890625, 10553.6748046875, 2222.57177734375]
[282.7644958496094, 2695.8056640625, 2531.444580078125, 10385.486328125, 2222.69580078125]
[279.7163391113281, 2551.766845703125, 2442.403564453125, 10117.8994140625, 2222.805908203125]
[278.742431640625, 2494.230712890625, 2407.735595703125, 9939.220703125, 2222.745849609375]
[278.1522216796875, 2463.861572265625, 2381.56982421875, 9741.048828125, 2222.612060546875]
[275.64776611328125, 2366.25341796875, 2317.317138671875, 9554.3017578125, 2222.688720703125]
[273.96893310546875, 2301.158203125, 2268.929443359375, 9376.5625, 2222.5673828125]
[270.8089904785156, 2196.365966796875, 2205.425048828125, 9273.27734375, 2222.78173828125]
[269.3783874511719, 2149.8369140625, 2173.261474609375, 9088.1904296875, 2222.781982421875]
[267.24713134765625, 2094.830078125, 2140.112548828125, 8988.5458984375, 2222.78564453125]
[266.570556640625, 2084.0087890625, 2130.38720703125, 8835.0556640625, 2222.6123046875]
[263.8244323730469, 2020.378173828125, 2084.148681640625, 8649.4541015625, 2222.661376953125]
[261.80029296875, 1962.48583984375, 2030.3707275390625, 8444.3720703125, 2222.24365234375]
[260.2784423828125, 1918.530029296875, 1995.430419921875, 8322.5439453125, 2222.49609375]
[259.582763671875, 1884.27587890625, 1968.4315185546875, 8221.951171875, 2222.52294921875]
[257.8589172363281, 1831.9931640625, 1927.2027587890625, 8092.154296875, 2222.707763671875]
[256.2872619628906, 1777.47021484375, 1883.291748046875, 7962.34423828125, 2222.42041015625]
[255.6222686767578, 1764.6634521484375, 1869.8013916015625, 7830.5234375, 2222.5517578125]
[254.5299835205078, 1751.9586181640625, 1855.040283203125, 7748.6884765625, 2222.60546875]
[254.83343505859375, 1757.06396484375, 1855.2965087890625, 7630.11376953125, 2222.444580078125]
[253.2115020751953, 1725.7232666015625, 1824.6334228515625, 7528.88330078125, 2222.53271484375]
[252.20823669433594, 1689.30517578125, 1793.140869140625, 7412.6142578125, 2222.421875]
[251.78187561035156, 1660.8798828125, 1769.2200927734375, 7319.44677734375, 2222.31494140625]
[250.8314208984375, 1630.6236572265625, 1741.8153076171875, 7245.47509765625, 2222.19091796875]
[248.9450225830078, 1582.331787109375, 1693.7498779296875, 7092.83837890625, 2222.0]
[247.6269989013672, 1540.5487060546875, 1652.783447265625, 6987.50830078125, 2221.709716796875]
[247.2908935546875, 1529.665283203125, 1640.2318115234375, 6888.36083984375, 2221.634765625]
[246.5670928955078, 1512.9359130859375, 1620.10546875, 6798.59375, 2221.6806640625]
[247.0456085205078, 1503.0780029296875, 1612.1275634765625, 6694.30810546875, 2221.530029296875]
[245.77166748046875, 1471.90185546875, 1579.0162353515625, 6623.19091796875, 2221.642578125]
[245.66616821289062, 1458.2818603515625, 1567.0814208984375, 6540.10107421875, 2221.564208984375]
[244.85440063476562, 1428.1649169921875, 1538.8734130859375, 6433.27587890625, 2221.4013671875]
[244.2628936767578, 1388.509521484375, 1501.670654296875, 6361.30712890625, 2221.07958984375]
[243.62022399902344, 1368.424072265625, 1483.435546875, 6277.7158203125, 2220.97265625]
[243.09017944335938, 1348.202392578125, 1464.8511962890625, 6219.6015625, 2220.804931640625]
[242.67071533203125, 1329.8267822265625, 1448.1083984375, 6148.27978515625, 2220.6943359375]
[241.57666015625, 1279.291748046875, 1402.8084716796875, 6063.8525390625, 2220.339599609375]
[242.10467529296875, 1277.58642578125, 1401.81640625, 5955.82080078125, 2220.20263671875]
[240.93580627441406, 1254.841552734375, 1379.81787109375, 5950.0341796875, 2220.319580078125]
[241.16314697265625, 1256.952392578125, 1381.770751953125, 5881.1962890625, 2220.239990234375]
[240.9193115234375, 1246.86474609375, 1372.66845703125, 5823.80126953125, 2220.1142578125]
[240.33450317382812, 1226.1724853515625, 1354.2933349609375, 5769.01318359375, 2219.947509765625]
[239.15635681152344, 1185.9931640625, 1318.788818359375, 5678.24853515625, 2219.7333984375]
[237.81161499023438, 1123.9698486328125, 1264.1842041015625, 5824.33984375, 2219.28369140625]
[238.15553283691406, 1135.8687744140625, 1273.648681640625, 5556.94677734375, 2219.376953125]
[238.05282592773438, 1130.27294921875, 1268.137939453125, 5519.689453125, 2219.34375]
[238.24114990234375, 1127.2044677734375, 1261.8038330078125, 5455.3125, 2219.24169921875]
[237.41209411621094, 1104.4549560546875, 1238.84326171875, 5411.6357421875, 2219.1376953125]
[236.80116271972656, 1086.3095703125, 1217.907958984375, 5336.962890625, 2218.920654296875]
[236.08285522460938, 1066.966796875, 1198.29443359375, 5262.6826171875, 2218.802001953125]
[235.13958740234375, 1040.886962890625, 1174.8050537109375, 5184.54345703125, 2218.43603515625]
[234.46530151367188, 1022.0174560546875, 1159.5128173828125, 5133.7607421875, 2218.37255859375]
[233.87399291992188, 1001.4668579101562, 1143.9439697265625, 5083.50634765625, 2218.19970703125]
[233.09246826171875, 976.01416015625, 1123.148681640625, 5009.5830078125, 2217.9013671875]
[232.38380432128906, 952.6995239257812, 1102.680419921875, 4939.701171875, 2217.58935546875]
[231.63792419433594, 936.0438842773438, 1089.3460693359375, 4929.2021484375, 2217.439697265625]
[232.1473846435547, 940.5076293945312, 1088.757080078125, 4889.185546875, 2217.2587890625]
[231.7461395263672, 936.111572265625, 1085.7183837890625, 4837.4990234375, 2217.345458984375]
[230.967529296875, 923.94921875, 1076.1060791015625, 4785.9130859375, 2217.39599609375]
[230.393310546875, 913.1737060546875, 1066.91259765625, 4741.3359375, 2217.396728515625]
[229.24928283691406, 889.7354736328125, 1046.765625, 4656.05322265625, 2217.28759765625]
[228.14488220214844, 872.7810668945312, 1029.76708984375, 4606.82861328125, 2217.378662109375]
[228.28558349609375, 871.0664672851562, 1027.2574462890625, 4551.52685546875, 2217.24072265625]
[227.88616943359375, 860.577880859375, 1017.7073364257812, 4516.1533203125, 2217.0380859375]
[227.7415313720703, 855.016845703125, 1010.8609008789062, 4468.39892578125, 2216.863037109375]
[226.68426513671875, 839.158203125, 995.509521484375, 4428.93896484375, 2216.72314453125]
[226.3574981689453, 831.4659423828125, 986.6222534179688, 4381.24658203125, 2216.6142578125]
[225.7891082763672, 822.2526245117188, 976.96337890625, 4338.21484375, 2216.5419921875]
[225.07003784179688, 808.8896484375, 963.3377685546875, 4287.18408203125, 2216.4755859375]
[224.3791046142578, 797.4540405273438, 951.0996704101562, 4242.00439453125, 2216.335693359375]
[224.086181640625, 792.5855102539062, 946.2201538085938, 4200.41748046875, 2216.248046875]
[223.40721130371094, 783.2488403320312, 937.236083984375, 4149.9765625, 2216.127685546875]
[222.73837280273438, 773.8566284179688, 928.2328491210938, 4106.9736328125, 2215.979248046875]
[221.11497497558594, 755.3212890625, 911.7098388671875, 4088.126220703125, 2215.851806640625]
[221.1071319580078, 753.3463745117188, 907.6261596679688, 4061.8857421875, 2215.74462890625]
[220.8533477783203, 751.057373046875, 906.11669921875, 4034.397216796875, 2215.78515625]
[220.51376342773438, 747.4429931640625, 902.4915161132812, 4009.285888671875, 2215.767333984375]
[219.95449829101562, 741.4768676757812, 896.240234375, 3976.055419921875, 2215.70654296875]
[219.0002899169922, 730.7615356445312, 883.9605102539062, 3924.308837890625, 2215.47998046875]
[217.57736206054688, 717.1627807617188, 869.3402099609375, 3879.906982421875, 2215.327392578125]
[216.9493408203125, 710.1333618164062, 860.5568237304688, 3848.072265625, 2215.18310546875]
[215.5347442626953, 698.2853393554688, 846.3223876953125, 3822.354248046875, 2215.065185546875]
[214.63299560546875, 689.8863525390625, 834.3626708984375, 3780.181884765625, 2214.9306640625]
[213.64739990234375, 681.8156127929688, 823.7716674804688, 3751.3994140625, 2214.823974609375]
[213.36370849609375, 678.491943359375, 818.2080688476562, 3712.904052734375, 2214.703369140625]
[212.0915069580078, 669.8558959960938, 806.75537109375, 3686.423095703125, 2214.60400390625]
[212.20773315429688, 667.8033447265625, 804.485107421875, 3630.0634765625, 2214.474609375]
[211.2882843017578, 659.2993774414062, 795.3927612304688, 3601.983154296875, 2214.31103515625]
[210.4760284423828, 651.731201171875, 786.7904663085938, 3575.483642578125, 2214.136474609375]
[208.47775268554688, 636.801513671875, 769.9922485351562, 3552.46875, 2213.8974609375]
[207.78179931640625, 631.3824462890625, 764.12353515625, 3518.107421875, 2213.744873046875]
[207.50848388671875, 629.415283203125, 761.239013671875, 3493.728271484375, 2213.69384765625]
[206.5034637451172, 623.7769165039062, 754.0348510742188, 3458.41015625, 2213.65771484375]
[206.0738067626953, 620.0206298828125, 749.6055908203125, 3423.49560546875, 2213.613525390625]
[204.90184020996094, 613.827392578125, 742.1058349609375, 3394.645263671875, 2213.567138671875]
[204.29420471191406, 610.0308837890625, 738.2193603515625, 3368.905029296875, 2213.530517578125]
[203.5004425048828, 605.7518920898438, 733.6212158203125, 3359.30224609375, 2213.469482421875]
[202.87164306640625, 601.1367797851562, 729.2312622070312, 3337.804931640625, 2213.349853515625]
[201.39483642578125, 593.212158203125, 720.7111206054688, 3307.31298828125, 2213.166748046875]
[200.2418670654297, 584.7632446289062, 712.4864501953125, 3280.260009765625, 2212.87548828125]
[199.8465118408203, 581.7156982421875, 708.4044189453125, 3249.924560546875, 2212.7841796875]
[199.30972290039062, 579.5947265625, 704.4776000976562, 3229.52685546875, 2212.764404296875]
[199.31666564941406, 578.0658569335938, 700.9278564453125, 3191.761474609375, 2212.7421875]
[197.96649169921875, 571.1273803710938, 691.11328125, 3168.92138671875, 2212.557373046875]
[197.73057556152344, 568.1019287109375, 688.1680297851562, 3136.07568359375, 2212.537109375]
[196.7491455078125, 561.37646484375, 682.077392578125, 3114.863037109375, 2212.419189453125]
[196.1216278076172, 556.7823486328125, 678.0773315429688, 3098.12939453125, 2212.295166015625]
[193.97225952148438, 546.5313110351562, 668.16259765625, 3090.7568359375, 2212.0615234375]
[193.81378173828125, 544.1332397460938, 666.1372680664062, 3067.44140625, 2211.931396484375]
[193.1869354248047, 541.2785034179688, 662.3500366210938, 3051.996826171875, 2211.85498046875]
[192.20745849609375, 536.0796508789062, 655.8782348632812, 3017.239501953125, 2211.71484375]
[191.32077026367188, 531.9822998046875, 650.2971801757812, 2992.804931640625, 2211.66748046875]
[191.04420471191406, 529.06787109375, 647.2084350585938, 2973.216064453125, 2211.575439453125]
[190.33067321777344, 524.2054443359375, 642.124267578125, 2952.4892578125, 2211.458984375]
[189.53038024902344, 517.8992309570312, 635.0040283203125, 2940.086669921875, 2211.244140625]
[189.09275817871094, 514.9462280273438, 632.3291015625, 2912.143310546875, 2211.14453125]
[188.25796508789062, 510.95343017578125, 628.0333862304688, 2897.322265625, 2211.021728515625]
[188.0335235595703, 508.7796325683594, 625.4795532226562, 2881.16943359375, 2210.9375]
[186.0665740966797, 500.5780334472656, 616.26416015625, 2876.368896484375, 2210.72900390625]
[186.160888671875, 499.69464111328125, 615.306884765625, 2852.06396484375, 2210.716552734375]
[185.66317749023438, 496.43603515625, 611.9924926757812, 2831.271240234375, 2210.6826171875]
[184.88949584960938, 491.97589111328125, 607.2485961914062, 2803.305419921875, 2210.563720703125]
[182.7657012939453, 481.4652404785156, 595.3025512695312, 2812.1513671875, 2210.462646484375]
[183.09957885742188, 482.4433898925781, 596.759033203125, 2765.396240234375, 2210.320068359375]
[183.0245819091797, 481.9606018066406, 596.2182006835938, 2755.89306640625, 2210.259521484375]
[182.4047088623047, 478.6383361816406, 592.5916748046875, 2736.669677734375, 2210.090576171875]
[181.45037841796875, 473.4444274902344, 587.0971069335938, 2709.990966796875, 2209.9287109375]
[179.65158081054688, 464.3974609375, 578.4666748046875, 2697.2041015625, 2209.574462890625]
[179.0519561767578, 460.8090515136719, 574.3840942382812, 2665.378662109375, 2209.589111328125]
[179.1997528076172, 460.6970520019531, 574.0963745117188, 2651.03662109375, 2209.650634765625]
[177.7684783935547, 455.8576965332031, 569.0167846679688, 2655.080322265625, 2209.59130859375]
[178.2498779296875, 456.470458984375, 569.9598999023438, 2636.709228515625, 2209.548828125]
[178.16656494140625, 455.56829833984375, 569.1306762695312, 2623.109619140625, 2209.4501953125]
[177.52334594726562, 452.29327392578125, 565.7767333984375, 2608.677734375, 2209.25537109375]
[176.35968017578125, 447.4530029296875, 559.9948120117188, 2584.75537109375, 2209.050537109375]
[174.7764129638672, 441.089111328125, 552.36865234375, 2572.03857421875, 2208.76025390625]
