
[963451.1875, 11815066.0, 8159596.5, 265122912.0, 0.0]
[963451.1875, 11815066.0, 8159596.0, 265122816.0, 2.9439839455136507e-10]
[963443.4375, 11814545.0, 8157457.5, 264961440.0, 0.0003220387443434447]
[958742.75, 11521489.0, 6971101.5, 192095872.0, 92.484619140625]
[946150.6875, 10936109.0, 5051025.5, 113892968.0, 392.9572448730469]
[929126.4375, 10304989.0, 3704133.75, 70430328.0, 632.4107055664062]
[905081.375, 9663383.0, 2565663.5, 44787172.0, 938.3928833007812]
[879901.8125, 9331310.0, 2117123.0, 33483582.0, 1174.5242919921875]
[871675.9375, 9150531.0, 1951153.375, 26212988.0, 1207.359619140625]
[854314.1875, 8813168.0, 1701449.5, 20281754.0, 1279.59765625]
[832924.6875, 8421811.0, 1493427.75, 15025001.0, 1348.3897705078125]
[786354.0625, 7677937.5, 1211030.375, 10242513.0, 1483.7353515625]
[760619.3125, 7198500.5, 1055774.25, 7638324.0, 1519.8304443359375]
[746459.125, 6975213.0, 1002285.6875, 6599291.5, 1540.1112060546875]
[709937.125, 6423671.0, 886818.125, 5316596.5, 1587.6805419921875]
[684335.25, 5986986.5, 801097.0625, 4300661.0, 1602.866455078125]
[636443.75, 5325860.5, 682055.6875, 4465229.0, 1655.549072265625]
[633770.1875, 5137321.0, 653851.8125, 3118220.5, 1627.511962890625]
[615902.9375, 4883100.5, 616752.9375, 2908591.75, 1634.4736328125]
[586543.5, 4465734.5, 555792.875, 2679666.0, 1642.3470458984375]
[541590.1875, 3959248.0, 488444.34375, 2642397.25, 1678.9613037109375]
[530076.375, 3748236.25, 453826.40625, 1895336.25, 1685.464111328125]
[504013.09375, 3520315.25, 423713.15625, 1782662.125, 1719.894775390625]
[471263.28125, 3266362.75, 393778.53125, 1595948.25, 1784.928466796875]
[452676.75, 3105289.0, 373962.71875, 1379510.875, 1822.2218017578125]
[441242.375, 2976081.5, 359825.90625, 1174112.0, 1845.0457763671875]
[401316.46875, 2646667.0, 329955.9375, 1314582.625, 1892.323486328125]
[383449.125, 2446455.5, 306251.65625, 1005785.375, 1898.45751953125]
[360880.03125, 2227791.25, 284847.4375, 895382.8125, 1907.571044921875]
[318888.5625, 1914047.125, 256665.828125, 1042492.9375, 1931.3580322265625]
[291091.71875, 1672648.0, 227542.09375, 891385.9375, 1929.1319580078125]
[268078.0, 1501006.75, 210595.828125, 852671.875, 1935.7010498046875]
[255052.40625, 1414151.625, 201239.5625, 789909.4375, 1939.9967041015625]
[258269.203125, 1411893.125, 196136.03125, 734823.5625, 1939.6851806640625]
[235546.5625, 1279134.75, 182886.765625, 733171.625, 1953.492431640625]
[222439.328125, 1204989.25, 175436.28125, 684915.3125, 1972.8538818359375]
[214472.265625, 1154357.375, 168391.53125, 611400.125, 1989.6341552734375]
[181678.28125, 961915.3125, 147060.96875, 615753.5625, 2034.71826171875]
[178912.46875, 919104.5, 137618.59375, 471603.5, 2041.9876708984375]
[164754.90625, 837979.5, 128354.171875, 449934.0625, 2058.2939453125]
[149755.875, 753091.8125, 118214.453125, 462307.0, 2073.1669921875]
[144666.25, 715085.0, 111742.234375, 415179.28125, 2077.015380859375]
[135453.921875, 664442.6875, 105058.7734375, 385342.65625, 2084.115966796875]
[131118.546875, 640652.0, 101654.578125, 369474.5625, 2090.433349609375]
[111562.4140625, 547022.0625, 90778.140625, 410386.375, 2118.4619140625]
[97672.0, 473321.1875, 78250.3359375, 427790.71875, 2147.624755859375]
[94173.3984375, 455937.84375, 75838.0546875, 363112.375, 2149.960205078125]
[91991.78125, 446564.96875, 75121.796875, 337045.40625, 2150.595458984375]
[94028.1328125, 452803.96875, 74871.578125, 307032.15625, 2143.968505859375]
[87374.84375, 422683.25, 71560.8984375, 305171.15625, 2149.253662109375]
[75702.28125, 370459.03125, 66107.2890625, 306944.90625, 2160.5546875]
[72394.9453125, 352710.84375, 62784.25390625, 256748.078125, 2159.866455078125]
[69870.3203125, 339656.5, 60601.9453125, 233667.0625, 2163.82080078125]
[63506.2734375, 311115.21875, 57479.74609375, 239096.125, 2171.339599609375]
[56494.00390625, 277972.28125, 53525.26953125, 230961.21875, 2180.095703125]
[48790.38671875, 241572.9375, 48939.8203125, 258460.578125, 2190.07373046875]
[50666.80078125, 246804.953125, 48245.73046875, 195887.328125, 2188.215576171875]
[45089.46484375, 225176.734375, 47483.03125, 227298.15625, 2197.34521484375]
[46822.15234375, 231146.125, 46713.28515625, 181114.09375, 2195.977294921875]
[45413.44921875, 224677.796875, 45492.01953125, 171824.21875, 2199.1083984375]
[41116.12890625, 206366.671875, 43140.328125, 171377.265625, 2208.479736328125]
[36866.2265625, 188461.703125, 40611.83984375, 168995.421875, 2217.73876953125]
[34627.359375, 178227.328125, 38305.05078125, 154849.859375, 2224.154052734375]
[32261.23828125, 167568.1875, 36498.37109375, 150902.03125, 2227.404052734375]
[31582.4296875, 163547.03125, 34995.671875, 143140.609375, 2228.150146484375]
[26761.111328125, 144145.359375, 33714.171875, 177679.796875, 2236.14794921875]
[28977.568359375, 151814.78125, 33157.234375, 131389.375, 2231.395263671875]
[28078.888671875, 147983.71875, 32464.23046875, 125764.171875, 2234.117919921875]
[25874.345703125, 138662.9375, 31145.091796875, 123266.875, 2239.439697265625]
[23165.4609375, 127305.140625, 29556.60546875, 122499.046875, 2247.36083984375]
[22708.802734375, 124815.6875, 28658.89453125, 111611.21875, 2249.06640625]
[22250.408203125, 122582.75, 27955.86328125, 108217.296875, 2250.61279296875]
[20231.822265625, 114295.375, 26800.14453125, 110119.171875, 2257.5888671875]
[19247.505859375, 109186.640625, 24726.341796875, 106234.7734375, 2264.58447265625]
[18620.544921875, 106788.9375, 24633.9609375, 100521.8125, 2266.534423828125]
[18634.7890625, 106604.9609375, 24431.73046875, 93481.0, 2266.39501953125]
[17707.751953125, 102756.2265625, 23959.353515625, 91432.6328125, 2271.333740234375]
[17067.947265625, 99708.234375, 23090.65625, 85347.78125, 2275.80517578125]
[16506.052734375, 96891.0390625, 22217.4921875, 82251.625, 2280.691162109375]
[16234.111328125, 95521.5234375, 21773.2421875, 79916.4140625, 2282.35986328125]
[15560.470703125, 92325.53125, 20978.892578125, 77391.7421875, 2286.751953125]
[15067.369140625, 89433.703125, 19880.02734375, 74349.125, 2290.179443359375]
[13767.4130859375, 84027.8359375, 19553.9140625, 84338.8828125, 2300.027099609375]
[14421.7490234375, 86164.828125, 19056.03515625, 74679.3671875, 2295.76513671875]
[14447.095703125, 86443.7734375, 19252.162109375, 67940.234375, 2294.84423828125]
[14208.884765625, 85398.328125, 19128.634765625, 66712.96875, 2296.78369140625]
[13679.68359375, 83032.3828125, 18806.115234375, 66107.40625, 2301.115966796875]
[13436.70703125, 81828.1171875, 18524.240234375, 63674.98828125, 2303.3359375]
[12983.33984375, 79491.46875, 17896.244140625, 61145.921875, 2306.9599609375]
[12714.4052734375, 77989.421875, 17470.21484375, 59124.47265625, 2308.50732421875]
[11925.3408203125, 73899.3828125, 16721.875, 58350.4921875, 2313.188720703125]
[11676.9453125, 71540.0703125, 15588.0224609375, 56838.39453125, 2312.1591796875]
[11142.5830078125, 68881.453125, 15429.1708984375, 56290.47265625, 2316.53759765625]
[11295.732421875, 69608.0703125, 15433.4921875, 52007.02734375, 2315.49609375]
[11120.5849609375, 68604.4375, 15259.5947265625, 50429.92578125, 2316.60546875]
[11027.6650390625, 67820.6171875, 14940.6025390625, 48781.05859375, 2317.572021484375]
[10598.6650390625, 65372.62109375, 14555.724609375, 48370.6953125, 2319.585205078125]
[10361.033203125, 63776.96875, 14165.8857421875, 46667.88671875, 2320.287353515625]
[10280.744140625, 62941.328125, 13736.669921875, 45184.47265625, 2319.755126953125]
[9867.8583984375, 60460.40625, 13407.23046875, 45254.2265625, 2321.451171875]
[9620.3818359375, 58819.78125, 13060.3203125, 43327.41015625, 2322.529541015625]
[9458.49609375, 57497.171875, 12631.115234375, 41153.13671875, 2324.001220703125]
[9219.2041015625, 55974.83203125, 12404.7607421875, 41404.5078125, 2325.8818359375]
[9136.544921875, 55206.671875, 12070.28125, 40555.4296875, 2326.772705078125]
[8926.9443359375, 53794.28125, 11842.40625, 40693.078125, 2327.78125]
[8856.8212890625, 53149.4765625, 11584.896484375, 39389.375, 2328.08935546875]
[8686.716796875, 51887.26171875, 11311.43359375, 38512.97265625, 2328.66845703125]
[8441.1455078125, 50088.6171875, 10921.703125, 37290.765625, 2329.66845703125]
[8227.9755859375, 48601.1796875, 10641.453125, 37434.02734375, 2331.251220703125]
[8252.5283203125, 48711.0703125, 10608.296875, 35359.92578125, 2331.185302734375]
[8026.02978515625, 47283.328125, 10528.326171875, 36663.41015625, 2332.530029296875]
[8110.68994140625, 47696.90234375, 10430.73828125, 34252.44921875, 2332.01318359375]
[8052.12109375, 47264.44140625, 10338.5869140625, 33426.3828125, 2332.29541015625]
[7703.9052734375, 44848.3203125, 9979.6884765625, 32864.48046875, 2333.792724609375]
[7558.9169921875, 43866.1328125, 9806.33203125, 32008.251953125, 2334.5107421875]
[7293.08837890625, 42115.1953125, 9538.7607421875, 31714.357421875, 2335.860595703125]
[7190.36865234375, 41452.0390625, 9370.125, 30967.46875, 2336.563720703125]
[6901.38134765625, 39725.796875, 9211.35546875, 31842.58203125, 2337.9873046875]
[6768.0966796875, 38748.375, 8952.5087890625, 30713.630859375, 2338.352294921875]
[6762.06787109375, 38634.46484375, 8897.23828125, 29481.1171875, 2338.1220703125]
[6643.455078125, 37801.6953125, 8767.025390625, 29143.810546875, 2338.0224609375]
[6567.06591796875, 37190.4296875, 8619.7548828125, 28382.609375, 2337.855224609375]
[6230.1494140625, 35109.3515625, 8361.419921875, 28755.83984375, 2338.654296875]
[6144.65673828125, 34452.33984375, 8146.8603515625, 27618.306640625, 2338.64404296875]
[6023.75390625, 33785.98046875, 8056.68359375, 27066.44140625, 2339.3095703125]
[5838.8515625, 32824.63671875, 7941.81591796875, 26973.638671875, 2339.984619140625]
[5737.8818359375, 32154.9140625, 7758.880859375, 26641.205078125, 2340.41845703125]
[5526.5068359375, 31061.7109375, 7654.8701171875, 26374.845703125, 2340.55224609375]
[5523.4580078125, 30848.556640625, 7545.90478515625, 25491.34765625, 2339.999267578125]
[5419.1220703125, 30212.19921875, 7446.35400390625, 25348.248046875, 2340.062744140625]
[5342.7392578125, 29721.19140625, 7352.72021484375, 24953.71875, 2340.32275390625]
[5212.892578125, 28953.875, 7215.32421875, 24569.099609375, 2340.68115234375]
[5098.978515625, 28282.158203125, 7084.09228515625, 24106.400390625, 2341.483642578125]
[4985.33984375, 27691.04296875, 7005.22119140625, 23726.646484375, 2341.71435546875]
[4997.56982421875, 27650.501953125, 6952.48583984375, 23095.0625, 2341.84423828125]
[4844.494140625, 26936.416015625, 6893.90673828125, 23088.37109375, 2342.555908203125]
[4810.21484375, 26644.818359375, 6831.56640625, 22283.09375, 2342.833251953125]
[4703.26123046875, 25817.990234375, 6667.62158203125, 21633.5859375, 2343.6396484375]
[4550.880859375, 24907.08203125, 6522.43017578125, 21799.20703125, 2344.485595703125]
[4471.5615234375, 24280.693359375, 6375.10595703125, 21395.65625, 2345.081298828125]
[4273.6845703125, 23226.857421875, 6234.67724609375, 21865.908203125, 2346.22607421875]
[4242.59033203125, 22826.46875, 6084.7177734375, 21157.8359375, 2346.724609375]
[4147.4306640625, 22229.87890625, 5980.587890625, 20870.701171875, 2347.559326171875]
[4043.25732421875, 21610.447265625, 5883.09375, 20740.0625, 2348.486083984375]
[4013.337158203125, 21326.396484375, 5811.8388671875, 20287.966796875, 2348.8740234375]
[3951.7822265625, 20949.611328125, 5751.13818359375, 19890.583984375, 2349.6328125]
[3861.98876953125, 20404.6640625, 5662.55810546875, 19597.548828125, 2350.774169921875]
[3798.38232421875, 19931.841796875, 5556.2666015625, 19184.779296875, 2352.150390625]
[3622.18505859375, 18973.0234375, 5436.43115234375, 19721.36328125, 2354.0986328125]
[3653.26806640625, 19027.849609375, 5383.89306640625, 18783.220703125, 2353.86865234375]
[3632.787841796875, 18911.140625, 5364.357421875, 18304.515625, 2353.9736328125]
[3561.008544921875, 18492.203125, 5298.4599609375, 18264.61328125, 2354.642333984375]
[3488.905517578125, 18072.43359375, 5225.6884765625, 18029.6015625, 2355.2275390625]
[3346.446044921875, 17255.724609375, 5079.9052734375, 17844.068359375, 2356.682861328125]
[3280.474853515625, 16889.392578125, 5010.11962890625, 17449.2421875, 2357.154052734375]
[3233.24658203125, 16620.564453125, 4953.3623046875, 17162.201171875, 2357.6630859375]
[3096.26806640625, 15917.3330078125, 4855.1279296875, 17360.9453125, 2359.1669921875]
[3056.251220703125, 15610.4736328125, 4746.38330078125, 17409.515625, 2359.481201171875]
[3005.157470703125, 15377.45703125, 4727.2529296875, 16659.640625, 2360.187255859375]
[2964.66748046875, 15167.36328125, 4700.61767578125, 16334.7470703125, 2360.567138671875]
[2930.32568359375, 14965.75, 4653.654296875, 16026.03515625, 2361.06884765625]
[2845.73779296875, 14514.34375, 4569.10009765625, 15991.134765625, 2362.055419921875]
[2814.496337890625, 14323.1279296875, 4511.17822265625, 15738.1513671875, 2362.54150390625]
[2715.07177734375, 13830.392578125, 4425.99853515625, 15865.2744140625, 2363.8525390625]
[2666.130859375, 13545.904296875, 4345.265625, 15590.2041015625, 2364.232421875]
[2615.49072265625, 13280.271484375, 4297.7197265625, 15344.5908203125, 2364.786376953125]
[2578.203369140625, 13067.619140625, 4258.4248046875, 14990.76171875, 2365.068603515625]
[2534.375, 12827.8173828125, 4211.52880859375, 14750.5087890625, 2365.5859375]
[2518.373046875, 12716.1513671875, 4186.888671875, 14421.890625, 2365.820068359375]
[2460.220458984375, 12430.0419921875, 4140.39794921875, 14439.6015625, 2366.72265625]
[2434.328369140625, 12237.8623046875, 4078.463623046875, 14198.0419921875, 2367.375732421875]
[2360.92578125, 11889.9267578125, 4018.04150390625, 14132.416015625, 2368.595703125]
[2340.037353515625, 11750.3798828125, 3979.933349609375, 13847.3984375, 2368.89453125]
[2299.056884765625, 11487.400390625, 3917.279052734375, 13704.732421875, 2369.49658203125]
[2277.5107421875, 11324.8330078125, 3874.844482421875, 13588.0078125, 2369.790283203125]
[2234.3955078125, 11060.201171875, 3818.44189453125, 13522.5087890625, 2370.488525390625]
[2195.997802734375, 10725.501953125, 3714.5830078125, 13441.732421875, 2371.22900390625]
[2102.33203125, 10286.9052734375, 3642.484375, 13631.01953125, 2372.8505859375]
[2145.70751953125, 10475.5849609375, 3658.179443359375, 13006.6796875, 2372.05029296875]
[2137.13720703125, 10435.9521484375, 3648.309326171875, 12639.0830078125, 2372.14208984375]
[2109.66943359375, 10290.94921875, 3617.16552734375, 12610.9150390625, 2372.515625]
[2071.558837890625, 10070.8388671875, 3566.165771484375, 12562.4560546875, 2372.966796875]
[2029.7679443359375, 9798.509765625, 3500.724609375, 12351.5869140625, 2373.28515625]
[1985.2420654296875, 9479.228515625, 3410.763916015625, 12344.5966796875, 2373.64306640625]
[1987.0548095703125, 9430.6201171875, 3392.00537109375, 12027.78125, 2373.501220703125]
[1964.6439208984375, 9286.068359375, 3359.886962890625, 12033.962890625, 2373.886474609375]
[1961.96923828125, 9210.0029296875, 3328.864501953125, 11864.8505859375, 2373.963134765625]
[1927.4169921875, 8980.83984375, 3268.305908203125, 11804.3017578125, 2374.64208984375]
[1913.48974609375, 8870.50390625, 3236.294677734375, 11652.8662109375, 2374.728271484375]
[1909.86376953125, 8826.5576171875, 3222.060546875, 11491.5625, 2374.66552734375]
[1884.7220458984375, 8643.2197265625, 3178.25927734375, 11333.8505859375, 2374.922607421875]
[1868.598876953125, 8492.5361328125, 3132.940673828125, 11134.11328125, 2375.119873046875]
[1862.1998291015625, 8429.396484375, 3114.002685546875, 11004.490234375, 2375.23388671875]
[1835.5133056640625, 8266.345703125, 3077.357177734375, 11011.9033203125, 2375.77099609375]
[1829.1697998046875, 8183.40869140625, 3045.504150390625, 10842.779296875, 2375.88720703125]
[1811.2559814453125, 8072.09765625, 3019.16064453125, 10675.79296875, 2376.26171875]
[1786.34716796875, 7913.3984375, 2980.30712890625, 10578.111328125, 2376.6787109375]
[1779.905517578125, 7841.77392578125, 2952.4970703125, 10441.7861328125, 2376.785400390625]
[1760.2176513671875, 7711.43505859375, 2918.493896484375, 10378.21875, 2377.024169921875]
[1748.5579833984375, 7605.26123046875, 2881.178955078125, 10285.1962890625, 2377.156005859375]
[1732.7113037109375, 7508.75390625, 2856.177734375, 10257.7255859375, 2377.30517578125]
[1722.7156982421875, 7434.2099609375, 2831.1884765625, 10126.5263671875, 2377.42431640625]
[1689.3314208984375, 7234.767578125, 2778.88818359375, 10047.361328125, 2378.33154296875]
[1686.7415771484375, 7193.37158203125, 2756.57177734375, 9919.904296875, 2378.4775390625]
[1672.300537109375, 7120.77880859375, 2741.49072265625, 9869.27734375, 2378.880615234375]
[1660.4715576171875, 7061.9736328125, 2726.131591796875, 9768.8427734375, 2379.3408203125]
[1648.5340576171875, 6994.3798828125, 2705.682373046875, 9707.7783203125, 2379.7041015625]
[1631.1651611328125, 6894.1171875, 2671.930908203125, 9560.1123046875, 2380.162109375]
[1599.314208984375, 6715.939453125, 2617.5126953125, 9573.984375, 2380.797607421875]
[1606.773193359375, 6737.203125, 2613.292236328125, 9369.439453125, 2380.56787109375]
[1594.240478515625, 6676.78662109375, 2597.95654296875, 9302.333984375, 2380.80224609375]
[1584.185302734375, 6618.49267578125, 2579.739501953125, 9229.8359375, 2380.982666015625]
[1567.970458984375, 6519.078125, 2548.745361328125, 9107.74609375, 2381.239013671875]
[1542.9896240234375, 6365.70556640625, 2499.562255859375, 9101.0400390625, 2381.74462890625]
[1538.4908447265625, 6330.0712890625, 2487.274658203125, 8940.1689453125, 2381.76025390625]
[1521.7310791015625, 6233.46044921875, 2459.12744140625, 8904.30078125, 2382.1337890625]
[1516.826904296875, 6186.40625, 2440.47119140625, 8830.8994140625, 2382.231201171875]
[1486.6724853515625, 6018.3583984375, 2391.036376953125, 8844.2236328125, 2382.91796875]
[1471.2325439453125, 5922.74951171875, 2359.316650390625, 8731.138671875, 2383.206787109375]
[1456.9893798828125, 5825.05029296875, 2324.7509765625, 8660.6162109375, 2383.30419921875]
[1445.35986328125, 5769.92626953125, 2310.19091796875, 8587.23046875, 2383.47314453125]
[1443.661865234375, 5756.60986328125, 2305.27392578125, 8488.36328125, 2383.369140625]
[1422.639892578125, 5650.21337890625, 2275.402099609375, 8473.478515625, 2383.64501953125]
[1417.2601318359375, 5608.61279296875, 2258.894775390625, 8360.921875, 2383.572265625]
[1402.12841796875, 5526.41748046875, 2232.12158203125, 8314.5732421875, 2383.83251953125]
[1382.181396484375, 5423.259765625, 2197.729248046875, 8301.10546875, 2384.30126953125]
[1370.820556640625, 5360.5234375, 2173.89990234375, 8194.734375, 2384.4697265625]
[1346.879150390625, 5236.43505859375, 2131.57080078125, 8124.9990234375, 2384.860107421875]
[1344.84716796875, 5207.93359375, 2118.430908203125, 8007.10302734375, 2384.720703125]
[1321.187744140625, 5088.2333984375, 2081.878662109375, 8014.87939453125, 2384.97412109375]
[1317.1668701171875, 5045.0830078125, 2067.509765625, 7901.443359375, 2384.873046875]
[1311.950439453125, 5011.32080078125, 2056.5927734375, 7828.06787109375, 2384.9599609375]
[1300.2454833984375, 4937.51171875, 2032.326416015625, 7730.31640625, 2385.113037109375]
[1284.7205810546875, 4859.10302734375, 2008.2247314453125, 7686.7548828125, 2385.484619140625]
[1278.0460205078125, 4816.322265625, 1993.3406982421875, 7609.6591796875, 2385.64404296875]
[1257.7169189453125, 4718.16845703125, 1964.078369140625, 7602.7177734375, 2385.956787109375]
[1254.4287109375, 4689.91552734375, 1954.449462890625, 7496.48193359375, 2386.036865234375]
[1243.28173828125, 4627.6298828125, 1936.322021484375, 7475.62451171875, 2386.20556640625]
[1233.9923095703125, 4563.541015625, 1916.734130859375, 7417.21875, 2386.288818359375]
[1219.921875, 4482.55078125, 1892.172119140625, 7387.904296875, 2386.6103515625]
[1213.2196044921875, 4425.66015625, 1872.382568359375, 7301.69384765625, 2386.727294921875]
[1200.149169921875, 4354.3154296875, 1849.5289306640625, 7279.39892578125, 2386.990966796875]
[1198.556884765625, 4331.76123046875, 1840.2489013671875, 7188.62353515625, 2386.959716796875]
[1186.2646484375, 4261.56103515625, 1819.7520751953125, 7149.3251953125, 2387.02783203125]
[1181.1978759765625, 4218.13671875, 1805.58740234375, 7043.0810546875, 2386.928466796875]
[1168.3519287109375, 4144.3271484375, 1786.1798095703125, 7010.7109375, 2386.998046875]
[1163.7318115234375, 4108.94775390625, 1777.0570068359375, 6921.97119140625, 2386.974365234375]
[1151.0867919921875, 4038.788818359375, 1758.1812744140625, 6866.19873046875, 2387.114013671875]
[1135.070068359375, 3947.035400390625, 1733.74658203125, 6790.0849609375, 2387.123046875]
[1125.0390625, 3889.527099609375, 1717.0498046875, 6744.58544921875, 2387.201171875]
[1116.53271484375, 3841.187744140625, 1702.901611328125, 6704.083984375, 2387.248779296875]
[1105.31396484375, 3776.226318359375, 1684.4920654296875, 6683.5625, 2387.246826171875]
[1096.396728515625, 3720.266357421875, 1668.8121337890625, 6639.951171875, 2387.30712890625]
[1081.3392333984375, 3637.547119140625, 1647.3128662109375, 6656.60205078125, 2387.416748046875]
[1075.6199951171875, 3583.140869140625, 1629.456787109375, 6672.26025390625, 2387.352294921875]
[1065.8951416015625, 3544.41552734375, 1619.78369140625, 6550.125, 2387.56689453125]
[1062.2271728515625, 3533.785888671875, 1616.174560546875, 6471.7802734375, 2387.61767578125]
[1057.5068359375, 3517.186279296875, 1609.450439453125, 6386.8359375, 2387.68212890625]
[1045.266357421875, 3460.263427734375, 1592.4371337890625, 6358.70068359375, 2387.795166015625]
[1041.275634765625, 3437.635009765625, 1585.5413818359375, 6310.349609375, 2387.85107421875]
[1028.29150390625, 3367.19921875, 1567.421630859375, 6309.97412109375, 2388.004638671875]
[1022.0791015625, 3319.6552734375, 1556.05810546875, 6266.65380859375, 2388.05810546875]
[1005.7245483398438, 3231.167724609375, 1535.4049072265625, 6279.55517578125, 2388.22607421875]
[1000.7489013671875, 3189.705322265625, 1525.7225341796875, 6199.94482421875, 2388.26171875]
[982.1665649414062, 3084.4150390625, 1500.67236328125, 6210.359375, 2388.26318359375]
[985.7628784179688, 3087.4287109375, 1499.07373046875, 6060.9638671875, 2388.212158203125]
[977.49609375, 3046.90234375, 1488.2435302734375, 6042.19921875, 2388.308837890625]
[971.0037841796875, 3013.741943359375, 1478.4990234375, 6008.61181640625, 2388.33349609375]
[961.5746459960938, 2964.999267578125, 1465.566650390625, 5995.05322265625, 2388.3896484375]
[952.6206665039062, 2910.938720703125, 1450.09765625, 5937.3515625, 2388.497314453125]
[941.218994140625, 2847.471435546875, 1432.39208984375, 5895.40966796875, 2388.642578125]
[933.9352416992188, 2798.360595703125, 1416.8916015625, 5853.62744140625, 2388.84033203125]
[931.4379272460938, 2786.534423828125, 1412.99267578125, 5795.18701171875, 2388.911376953125]
[925.9971923828125, 2761.11376953125, 1406.1927490234375, 5774.146484375, 2388.9677734375]
[925.7922973632812, 2757.271240234375, 1403.9658203125, 5706.12548828125, 2388.921142578125]
[913.348876953125, 2697.97509765625, 1389.26708984375, 5704.09765625, 2389.00146484375]
[907.8887939453125, 2667.2333984375, 1380.7803955078125, 5669.53759765625, 2388.941162109375]
[903.7127685546875, 2644.7724609375, 1374.82763671875, 5646.87060546875, 2388.96728515625]
[898.7325439453125, 2619.919189453125, 1368.1295166015625, 5637.18310546875, 2389.032958984375]
[887.916748046875, 2569.555419921875, 1354.257080078125, 5613.57421875, 2389.23583984375]
[876.7710571289062, 2518.4521484375, 1340.1279296875, 5607.0927734375, 2389.342529296875]
[873.7337646484375, 2505.788330078125, 1336.0150146484375, 5556.5888671875, 2389.426025390625]
[868.736083984375, 2485.345947265625, 1329.88427734375, 5513.9501953125, 2389.472412109375]
[870.6055297851562, 2491.04296875, 1329.956787109375, 5450.7431640625, 2389.38427734375]
[858.302490234375, 2437.346923828125, 1315.87939453125, 5447.671875, 2389.42431640625]
[857.5173950195312, 2431.71240234375, 1313.579345703125, 5378.548828125, 2389.40576171875]
[851.9041137695312, 2404.918212890625, 1305.572509765625, 5346.32470703125, 2389.460205078125]
[844.80419921875, 2375.641357421875, 1296.904541015625, 5320.95703125, 2389.564453125]
[829.5308837890625, 2315.09716796875, 1279.3311767578125, 5300.8583984375, 2389.74755859375]
[823.309814453125, 2292.351806640625, 1272.2398681640625, 5275.3427734375, 2389.887939453125]
[820.6823120117188, 2283.258056640625, 1269.223876953125, 5240.86376953125, 2389.928466796875]
[811.88037109375, 2251.134033203125, 1259.8289794921875, 5201.52685546875, 2389.998779296875]
[813.5120239257812, 2253.573974609375, 1258.56494140625, 5139.6005859375, 2389.95458984375]
[805.2193603515625, 2223.639892578125, 1250.4918212890625, 5126.92724609375, 2390.05126953125]
[799.23583984375, 2198.152587890625, 1242.2960205078125, 5088.1337890625, 2390.07177734375]
[795.4657592773438, 2181.7734375, 1236.808349609375, 5058.7734375, 2390.12109375]
[788.3984985351562, 2154.294921875, 1228.2230224609375, 5036.5712890625, 2390.2314453125]
[773.9552001953125, 2102.716552734375, 1212.525634765625, 5049.9853515625, 2390.43115234375]
[769.875732421875, 2085.85302734375, 1207.1162109375, 5001.94921875, 2390.468505859375]
[765.0383911132812, 2069.085693359375, 1202.1044921875, 4979.673828125, 2390.52099609375]
[760.5526733398438, 2052.275146484375, 1196.0771484375, 4938.48046875, 2390.555908203125]
[744.8131713867188, 2003.715087890625, 1181.567138671875, 4967.1591796875, 2390.760986328125]
[749.941162109375, 2016.1318359375, 1182.58056640625, 4876.88232421875, 2390.684326171875]
[747.2997436523438, 2006.725830078125, 1179.545654296875, 4845.18408203125, 2390.713623046875]
[743.6296997070312, 1994.9039306640625, 1175.64111328125, 4830.123046875, 2390.768310546875]
[737.1886596679688, 1973.7193603515625, 1168.7781982421875, 4810.73486328125, 2390.842041015625]
[728.0778198242188, 1940.4732666015625, 1157.2620849609375, 4772.73388671875, 2390.89404296875]
[715.1432495117188, 1897.7913818359375, 1143.1663818359375, 4762.9423828125, 2391.052490234375]
[714.71728515625, 1890.921142578125, 1139.251220703125, 4716.0009765625, 2391.003173828125]
[707.4208374023438, 1866.4417724609375, 1131.248046875, 4707.82958984375, 2391.09716796875]
[701.7765502929688, 1845.954833984375, 1123.630859375, 4678.314453125, 2391.163818359375]
[690.8792114257812, 1811.3739013671875, 1112.304443359375, 4665.30224609375, 2391.302978515625]
[687.1739501953125, 1797.586669921875, 1106.697265625, 4624.03271484375, 2391.308837890625]
[680.984375, 1777.751220703125, 1099.772216796875, 4605.8759765625, 2391.274658203125]
[679.4224243164062, 1772.0877685546875, 1097.0745849609375, 4575.1455078125, 2391.216796875]
[672.4544677734375, 1750.8280029296875, 1089.7491455078125, 4572.5595703125, 2391.215087890625]
[671.1175537109375, 1745.9989013671875, 1087.07421875, 4541.52392578125, 2391.176025390625]
[665.8563842773438, 1730.0882568359375, 1080.96435546875, 4525.77197265625, 2391.247314453125]
[659.2133178710938, 1709.6187744140625, 1071.67822265625, 4485.42529296875, 2391.372802734375]
[649.3903198242188, 1681.555908203125, 1060.617431640625, 4476.33447265625, 2391.599853515625]
[649.1472778320312, 1679.9361572265625, 1058.3194580078125, 4439.119140625, 2391.650390625]
[641.938720703125, 1659.819580078125, 1050.1396484375, 4419.21142578125, 2391.798583984375]
[635.06494140625, 1640.7086181640625, 1041.9510498046875, 4390.142578125, 2391.91064453125]
[627.152587890625, 1619.2222900390625, 1032.5953369140625, 4364.01806640625, 2392.07470703125]
[616.9291381835938, 1591.642822265625, 1020.6015014648438, 4351.09130859375, 2392.1923828125]
[615.5050659179688, 1586.427978515625, 1016.7262573242188, 4318.95654296875, 2392.204345703125]
[607.3043212890625, 1564.5589599609375, 1007.4195556640625, 4324.27783203125, 2392.338134765625]
[605.2988891601562, 1557.7733154296875, 1003.434326171875, 4295.19482421875, 2392.312744140625]
[599.7586669921875, 1541.45458984375, 995.3412475585938, 4262.87939453125, 2392.36474609375]
[591.8385009765625, 1520.2984619140625, 985.3349609375, 4242.35546875, 2392.43798828125]
[586.4466552734375, 1505.8983154296875, 978.8646240234375, 4215.3740234375, 2392.5185546875]
[579.9679565429688, 1490.2401123046875, 971.9326171875, 4194.36083984375, 2392.580078125]
[574.1753540039062, 1474.710205078125, 964.8099975585938, 4159.99462890625, 2392.62841796875]
[569.6691284179688, 1463.775634765625, 959.5792236328125, 4133.7783203125, 2392.6201171875]
[567.1911010742188, 1455.728515625, 955.1895751953125, 4106.18505859375, 2392.573486328125]
[558.425537109375, 1434.31201171875, 945.5194702148438, 4104.87841796875, 2392.686767578125]
[559.2957153320312, 1431.3531494140625, 942.6090698242188, 4062.96484375, 2392.554931640625]
[552.8233032226562, 1415.5828857421875, 935.6914672851562, 4051.5732421875, 2392.659912109375]
[549.0419921875, 1406.452392578125, 931.9317626953125, 4034.373291015625, 2392.75830078125]
[546.5088500976562, 1399.9718017578125, 929.0322265625, 4023.0302734375, 2392.791015625]
[541.0310668945312, 1385.7501220703125, 922.4917602539062, 4000.7568359375, 2392.87255859375]
[534.0935668945312, 1368.5745849609375, 914.4302368164062, 3981.814208984375, 2392.975830078125]
[529.3462524414062, 1355.2799072265625, 907.3302612304688, 3951.322021484375, 2393.044677734375]
[521.9007568359375, 1338.124755859375, 899.338623046875, 3941.081787109375, 2393.1298828125]
[518.2724609375, 1328.0872802734375, 893.4139404296875, 3902.01513671875, 2393.123046875]
[512.5220947265625, 1314.2127685546875, 886.8131713867188, 3882.2275390625, 2393.103271484375]
[510.5979309082031, 1309.0570068359375, 883.9578857421875, 3857.70361328125, 2393.071533203125]
[504.1104431152344, 1293.912841796875, 876.133544921875, 3841.335693359375, 2393.109130859375]
[500.8124084472656, 1283.3172607421875, 869.9539794921875, 3823.7392578125, 2393.034423828125]
[492.2342529296875, 1264.095703125, 860.4291381835938, 3825.739013671875, 2393.115478515625]
[491.2071838378906, 1260.1866455078125, 857.5844116210938, 3799.942626953125, 2393.11328125]
[488.07574462890625, 1251.59423828125, 852.9046630859375, 3783.737548828125, 2393.103515625]
[485.5222473144531, 1243.9010009765625, 848.5010375976562, 3759.487060546875, 2393.029052734375]
[479.4268493652344, 1228.2471923828125, 840.7030029296875, 3737.44970703125, 2392.971923828125]
[476.6649169921875, 1220.603515625, 836.9159545898438, 3713.329833984375, 2392.89501953125]
[472.635986328125, 1210.5963134765625, 832.173095703125, 3695.432861328125, 2392.8408203125]
[469.0770263671875, 1200.61962890625, 827.3132934570312, 3672.698486328125, 2392.77880859375]
[463.75531005859375, 1187.633544921875, 820.7559814453125, 3662.86767578125, 2392.736572265625]
[464.8769836425781, 1187.2431640625, 820.266357421875, 3643.087646484375, 2392.633056640625]
[459.6900634765625, 1175.1966552734375, 814.0474243164062, 3642.817138671875, 2392.602294921875]
[458.93798828125, 1173.05419921875, 812.8682861328125, 3627.837158203125, 2392.576171875]
[455.68206787109375, 1163.48193359375, 808.0693359375, 3599.97412109375, 2392.409912109375]
[451.6051330566406, 1153.3741455078125, 802.884765625, 3589.18310546875, 2392.32421875]
[449.90277099609375, 1148.2261962890625, 800.4908447265625, 3576.117431640625, 2392.233154296875]
[446.5674743652344, 1140.2344970703125, 796.4624633789062, 3568.28076171875, 2392.14599609375]
[444.97491455078125, 1135.446533203125, 793.8403930664062, 3551.205078125, 2392.09814453125]
[436.9245300292969, 1116.3966064453125, 783.2075805664062, 3539.40771484375, 2391.908935546875]
[435.5277099609375, 1110.47802734375, 779.7982788085938, 3509.632568359375, 2391.85205078125]
[433.5665588378906, 1104.7625732421875, 776.630615234375, 3493.7177734375, 2391.780517578125]
[429.8005065917969, 1094.3062744140625, 771.2479858398438, 3472.11083984375, 2391.605712890625]
[425.0381774902344, 1080.43896484375, 764.5703735351562, 3465.169921875, 2391.433349609375]
[423.77325439453125, 1076.812255859375, 763.0519409179688, 3443.805908203125, 2391.345947265625]
[419.54736328125, 1068.0029296875, 758.759521484375, 3445.86328125, 2391.256103515625]
[421.4721984863281, 1069.8790283203125, 760.38671875, 3430.40283203125, 2391.27001953125]
[420.005615234375, 1066.985107421875, 758.5804443359375, 3416.593994140625, 2391.27783203125]
[416.3207702636719, 1058.7803955078125, 753.9468994140625, 3404.365966796875, 2391.283935546875]
[414.66119384765625, 1054.390869140625, 751.5394897460938, 3391.998779296875, 2391.3115234375]
[410.68255615234375, 1043.90478515625, 746.049072265625, 3368.291748046875, 2391.2900390625]
[406.46783447265625, 1031.9801025390625, 739.5713500976562, 3358.7255859375, 2391.23486328125]
[403.9744567871094, 1025.2108154296875, 736.3756713867188, 3345.672607421875, 2391.12255859375]
[403.3078918457031, 1022.6243896484375, 735.2809448242188, 3336.169677734375, 2391.030517578125]
[399.91082763671875, 1014.1115112304688, 730.8748168945312, 3333.750244140625, 2390.869873046875]
[396.720947265625, 1003.9856567382812, 725.7018432617188, 3311.479248046875, 2390.666748046875]
[389.6693420410156, 986.8558959960938, 716.2853393554688, 3320.224365234375, 2390.4228515625]
[390.6590270996094, 988.2418823242188, 716.7626342773438, 3281.179931640625, 2390.4765625]
[390.10870361328125, 986.877685546875, 715.6243286132812, 3268.747314453125, 2390.497802734375]
[389.92620849609375, 986.0885009765625, 714.7327270507812, 3250.84619140625, 2390.529052734375]
[382.2994384765625, 969.6975708007812, 704.5872802734375, 3265.830078125, 2390.3271484375]
[385.51129150390625, 974.2545166015625, 707.5736694335938, 3214.572021484375, 2390.36328125]
[385.0935363769531, 973.0389404296875, 707.081787109375, 3199.720947265625, 2390.340087890625]
[382.7961120605469, 967.0172729492188, 704.1707153320312, 3197.0361328125, 2390.2275390625]
[380.2201843261719, 960.5166625976562, 700.6533203125, 3189.103271484375, 2390.1015625]
[375.64337158203125, 948.489013671875, 693.9638061523438, 3179.635009765625, 2389.9150390625]
[374.2632751464844, 943.9127197265625, 690.9925537109375, 3163.26904296875, 2389.836181640625]
[371.85797119140625, 937.6008911132812, 686.9193725585938, 3153.795654296875, 2389.74951171875]
[370.00823974609375, 932.3908081054688, 683.3794555664062, 3136.197509765625, 2389.660888671875]
[366.1072692871094, 922.5076293945312, 677.087158203125, 3122.240478515625, 2389.4716796875]
[364.38720703125, 917.4031372070312, 674.1012573242188, 3102.52197265625, 2389.364501953125]
[364.17132568359375, 915.7526245117188, 673.3441162109375, 3086.239013671875, 2389.316650390625]
[360.4923095703125, 907.2012939453125, 668.0964965820312, 3086.1298828125, 2389.147216796875]
[360.6241149902344, 905.3344116210938, 667.2265625, 3063.7978515625, 2389.153564453125]
[358.86328125, 900.6429443359375, 663.9395751953125, 3051.11181640625, 2389.091064453125]
[356.2860412597656, 894.268310546875, 659.48095703125, 3045.740966796875, 2389.015869140625]
[354.57110595703125, 889.501953125, 656.4060668945312, 3035.37353515625, 2388.9248046875]
[351.08856201171875, 878.82568359375, 649.8782958984375, 3018.342041015625, 2388.751953125]
[348.508544921875, 872.0519409179688, 645.7291259765625, 3014.414794921875, 2388.583251953125]
[349.7317810058594, 873.2787475585938, 647.1226806640625, 2997.418212890625, 2388.599853515625]
[348.1705322265625, 868.8016967773438, 644.612060546875, 2985.371337890625, 2388.495361328125]
[346.710693359375, 864.6895751953125, 642.0467529296875, 2975.23828125, 2388.414306640625]
[344.3223571777344, 857.7846069335938, 637.7923583984375, 2967.6298828125, 2388.2626953125]
[342.61181640625, 852.8059692382812, 634.4872436523438, 2957.699951171875, 2388.18212890625]
[340.82171630859375, 847.2333984375, 631.1014404296875, 2951.46435546875, 2388.05908203125]
[339.7322692871094, 843.3171997070312, 628.7691650390625, 2940.688720703125, 2387.986083984375]
[337.8213195800781, 837.3375854492188, 625.2847900390625, 2932.30712890625, 2387.833984375]
[336.3808898925781, 832.026123046875, 622.4961547851562, 2917.163818359375, 2387.716552734375]
[335.1787414550781, 827.7118530273438, 620.2088623046875, 2902.309814453125, 2387.610595703125]
[333.4383239746094, 823.1055908203125, 617.6405029296875, 2895.171142578125, 2387.506103515625]
[334.2471008300781, 824.23974609375, 618.5218505859375, 2881.094482421875, 2387.5361328125]
[332.2342529296875, 819.2769775390625, 615.353515625, 2875.157470703125, 2387.446533203125]
[331.3994445800781, 816.7364501953125, 613.703125, 2861.756591796875, 2387.39599609375]
[329.2507019042969, 809.8251953125, 609.6311645507812, 2850.43603515625, 2387.250244140625]
[327.7328796386719, 804.632080078125, 606.7412109375, 2840.23388671875, 2387.174072265625]
[325.3460998535156, 796.8274536132812, 602.5254516601562, 2832.73388671875, 2387.018798828125]
[323.2848205566406, 789.6648559570312, 599.0208129882812, 2820.958984375, 2386.885498046875]
[321.5677185058594, 783.9324340820312, 596.22705078125, 2810.29638671875, 2386.772705078125]
[320.69207763671875, 780.979736328125, 594.9541015625, 2800.92822265625, 2386.68798828125]
[320.3950500488281, 779.71923828125, 594.4906005859375, 2787.181396484375, 2386.637939453125]
[317.947265625, 772.8568115234375, 590.8436889648438, 2783.382568359375, 2386.47216796875]
[318.4886779785156, 772.6681518554688, 591.1653442382812, 2765.9150390625, 2386.48876953125]
[316.674560546875, 768.1556396484375, 588.3049926757812, 2757.945068359375, 2386.3681640625]
[315.30401611328125, 763.6556396484375, 585.960693359375, 2752.272705078125, 2386.289794921875]
[313.80902099609375, 758.4739990234375, 583.4223022460938, 2742.195556640625, 2386.201171875]
[311.3714904785156, 749.953857421875, 579.2992553710938, 2731.150634765625, 2386.0068359375]
[309.8686828613281, 744.6476440429688, 576.7219848632812, 2719.860107421875, 2385.894775390625]
[308.4361877441406, 739.8538818359375, 574.3512573242188, 2711.376220703125, 2385.750244140625]
[306.9432067871094, 734.736083984375, 571.5608520507812, 2700.731201171875, 2385.57568359375]
[305.56549072265625, 730.5313720703125, 569.1527099609375, 2689.222412109375, 2385.4404296875]
[304.3696594238281, 727.0861206054688, 566.9060668945312, 2680.388671875, 2385.304443359375]
[304.4561767578125, 726.4456176757812, 566.0874633789062, 2667.81396484375, 2385.248779296875]
[301.31573486328125, 718.5367431640625, 561.0448608398438, 2671.6669921875, 2384.99951171875]
[301.5581359863281, 718.333984375, 561.0975952148438, 2654.8662109375, 2384.9794921875]
[300.55230712890625, 714.3302001953125, 558.9572143554688, 2643.771728515625, 2384.83203125]
[299.303955078125, 710.193359375, 556.487060546875, 2633.984130859375, 2384.681640625]
[295.8705139160156, 699.7139282226562, 549.9398803710938, 2625.428955078125, 2384.314208984375]
[295.1475524902344, 697.5385131835938, 548.35009765625, 2617.072509765625, 2384.256103515625]
[294.85028076171875, 696.6107788085938, 547.556396484375, 2609.442138671875, 2384.237548828125]
[292.7521667480469, 690.7219848632812, 543.4913330078125, 2593.10107421875, 2384.041015625]
[292.1715393066406, 687.6945190429688, 541.5631103515625, 2579.32568359375, 2384.025390625]
[290.75274658203125, 683.7153930664062, 539.37255859375, 2573.050537109375, 2383.859375]
[290.2698669433594, 681.3679809570312, 538.5242919921875, 2564.627197265625, 2383.768798828125]
[288.8389892578125, 676.910400390625, 536.1646118164062, 2564.9365234375, 2383.617919921875]
[287.8572082519531, 673.206298828125, 534.256591796875, 2559.57080078125, 2383.511474609375]
[286.4229736328125, 668.0730590820312, 531.4364624023438, 2552.98486328125, 2383.373779296875]
[284.1585693359375, 660.6893310546875, 527.4317016601562, 2546.154296875, 2383.1669921875]
[282.95928955078125, 656.3526000976562, 524.9151000976562, 2535.328857421875, 2383.089111328125]
[281.9070129394531, 653.2650756835938, 523.0336303710938, 2528.82421875, 2383.043212890625]
[281.6454772949219, 652.1942749023438, 522.3076171875, 2518.405517578125, 2383.047119140625]
[280.2511901855469, 648.4205932617188, 520.0103759765625, 2512.561279296875, 2382.947998046875]
[280.27777099609375, 647.9866333007812, 519.7322998046875, 2497.385498046875, 2382.978515625]
[278.6355895996094, 642.9349365234375, 517.0138549804688, 2489.920166015625, 2382.81298828125]
[277.74200439453125, 639.9916381835938, 515.4608764648438, 2482.48193359375, 2382.71337890625]
[276.351806640625, 635.5463256835938, 513.2501220703125, 2478.503173828125, 2382.57666015625]
[274.9041442871094, 630.996826171875, 510.8578186035156, 2470.760498046875, 2382.447021484375]
[273.3289794921875, 626.3326416015625, 508.5089111328125, 2466.83642578125, 2382.3017578125]
[272.75909423828125, 624.4476928710938, 507.4634094238281, 2457.402587890625, 2382.246337890625]
[270.888671875, 619.4364013671875, 504.63323974609375, 2451.49951171875, 2382.0546875]
[269.9631042480469, 616.3889770507812, 502.61431884765625, 2439.04541015625, 2381.941162109375]
[268.9606018066406, 613.5250854492188, 500.8833923339844, 2431.762451171875, 2381.851318359375]
[268.0769958496094, 610.955810546875, 499.3907165527344, 2426.00390625, 2381.779052734375]
[267.06072998046875, 607.7103881835938, 497.508544921875, 2416.171875, 2381.719970703125]
[264.5793151855469, 600.9006958007812, 493.7080383300781, 2413.643798828125, 2381.577880859375]
[264.7289733886719, 600.81396484375, 493.516357421875, 2400.131591796875, 2381.618408203125]
[263.54876708984375, 597.6715087890625, 491.8763122558594, 2397.324462890625, 2381.5361328125]
[263.8587341308594, 598.2936401367188, 492.10760498046875, 2388.85107421875, 2381.571533203125]
[263.2534484863281, 596.480712890625, 491.077880859375, 2380.15087890625, 2381.53173828125]
[261.4441833496094, 591.055419921875, 488.0900573730469, 2367.669677734375, 2381.39892578125]
[260.12640380859375, 586.8077392578125, 485.74176025390625, 2365.147216796875, 2381.29052734375]
[259.72467041015625, 585.582763671875, 485.0289306640625, 2358.410888671875, 2381.252197265625]
[258.4371032714844, 581.8507080078125, 483.0107116699219, 2353.453125, 2381.12451171875]
[257.66357421875, 579.59375, 481.7772216796875, 2349.5048828125, 2381.047119140625]
[255.53244018554688, 573.734375, 478.6598205566406, 2344.849609375, 2380.81591796875]
[254.96066284179688, 571.7440185546875, 477.5738220214844, 2336.75, 2380.748046875]
[253.68162536621094, 568.5410766601562, 475.9027099609375, 2334.97900390625, 2380.6328125]
[253.721923828125, 568.1851196289062, 475.60418701171875, 2324.703125, 2380.596435546875]
[253.56324768066406, 567.8485717773438, 475.2007751464844, 2317.469482421875, 2380.5908203125]
[253.2251739501953, 566.7762451171875, 474.3002014160156, 2310.636962890625, 2380.568115234375]
[251.93223571777344, 563.1507568359375, 471.7569885253906, 2302.841552734375, 2380.450439453125]
[249.9279327392578, 557.4166259765625, 467.9755554199219, 2296.7509765625, 2380.317138671875]
[248.90847778320312, 554.5548095703125, 466.014892578125, 2289.174560546875, 2380.212158203125]
[247.9865264892578, 552.1167602539062, 464.5945129394531, 2284.60107421875, 2380.12255859375]
[246.92933654785156, 549.2704467773438, 462.9867248535156, 2279.457275390625, 2380.02587890625]
[245.754638671875, 546.1993408203125, 461.2904052734375, 2272.0966796875, 2379.894287109375]
[244.68368530273438, 543.2032470703125, 459.5963439941406, 2265.188232421875, 2379.7626953125]
[244.30335998535156, 541.3628540039062, 458.3403015136719, 2253.552978515625, 2379.640869140625]
[241.81199645996094, 535.365478515625, 454.8687438964844, 2258.319091796875, 2379.36865234375]
[242.89735412597656, 537.3617553710938, 455.9190368652344, 2243.05615234375, 2379.446533203125]
[242.7869873046875, 536.9745483398438, 455.49603271484375, 2235.139404296875, 2379.416259765625]
[241.82554626464844, 534.2410888671875, 453.7471923828125, 2231.75, 2379.297119140625]
[240.40892028808594, 530.45458984375, 451.1702575683594, 2224.353759765625, 2379.121826171875]
[238.2246856689453, 524.5218505859375, 447.2741394042969, 2220.162353515625, 2378.861083984375]
[237.9573516845703, 523.5621337890625, 446.56317138671875, 2213.622802734375, 2378.804443359375]
[237.53201293945312, 522.0640869140625, 445.5228576660156, 2205.311767578125, 2378.716796875]
[235.98361206054688, 517.5667724609375, 442.868408203125, 2199.917724609375, 2378.5087890625]
[235.73910522460938, 516.4356689453125, 442.10870361328125, 2188.26904296875, 2378.45263671875]
Iteration: 505, loss: 5761.004883
[234.98098754882812, 514.40869140625, 440.9062194824219, 2185.1044921875, 2378.364990234375]
[234.49278259277344, 512.88427734375, 440.06036376953125, 2180.445556640625, 2378.312744140625]
[232.81243896484375, 508.494140625, 437.42828369140625, 2176.694580078125, 2378.102294921875]
[231.7932586669922, 504.953857421875, 435.2154846191406, 2166.7451171875, 2377.93994140625]
[230.7907257080078, 502.42572021484375, 433.5614929199219, 2162.355712890625, 2377.807861328125]
[230.46075439453125, 501.5095520019531, 432.8222961425781, 2156.913818359375, 2377.75048828125]
[229.68032836914062, 499.4730529785156, 431.2851257324219, 2149.23291015625, 2377.623779296875]
[228.1407470703125, 495.3412170410156, 428.5445556640625, 2148.491943359375, 2377.359130859375]
[228.46859741210938, 495.8775329589844, 428.80694580078125, 2136.890380859375, 2377.38818359375]
[227.5611572265625, 493.6607666015625, 427.4223937988281, 2135.021240234375, 2377.263671875]
[227.48910522460938, 493.1692810058594, 427.1485900878906, 2130.740478515625, 2377.225830078125]
[226.50083923339844, 490.4141845703125, 425.4443054199219, 2124.597900390625, 2377.0400390625]
[224.71221923828125, 485.67230224609375, 422.3214416503906, 2117.056396484375, 2376.71533203125]
[223.4813995361328, 482.2080078125, 420.2798156738281, 2114.691650390625, 2376.482666015625]
[223.52761840820312, 482.28875732421875, 420.2530517578125, 2108.288818359375, 2376.485595703125]
[222.8135986328125, 480.6397399902344, 419.1663818359375, 2104.59423828125, 2376.375732421875]
/usr/local/lib/python3.6/dist-packages/torchvision/transforms/transforms.py:220: UserWarning: The use of the transforms.Scale transform is deprecated, please use transforms.Resize instead.
  "please use transforms.Resize instead.")
HR iterations
[2192.421875, 625981.125, 238899.59375, 17450680.0, 1826.21142578125]
[2192.422119140625, 625981.125, 238899.59375, 17450676.0, 1826.21142578125]
[700.9606323242188, 93447.015625, 101771.1796875, 58675916.0, 2093.299560546875]
[571.5217895507812, 59014.73828125, 80970.9609375, 13640599.0, 2047.6102294921875]
[674.8243408203125, 87594.25, 58873.27734375, 4838700.0, 2006.450439453125]
[855.4444580078125, 143639.625, 49604.68359375, 2114532.25, 1966.3555908203125]
[988.606201171875, 188452.15625, 49141.3515625, 1211024.625, 1944.7266845703125]
[968.0761108398438, 184682.140625, 45770.8984375, 858074.4375, 1948.183349609375]
[841.3529052734375, 147042.75, 35829.01171875, 459859.875, 1970.1527099609375]
[760.1246337890625, 123347.7421875, 30727.046875, 401216.15625, 1981.6676025390625]
[761.4195556640625, 123359.65625, 30782.0703125, 319821.34375, 1981.40283203125]
[751.0960083007812, 120352.375, 30095.5703125, 291621.28125, 1982.008544921875]
[726.6117553710938, 113617.109375, 28534.51171875, 252012.953125, 1982.8936767578125]
[683.93798828125, 102184.5859375, 26138.9609375, 198994.46875, 1984.095947265625]
[615.1475219726562, 83904.015625, 21685.8046875, 153255.703125, 1988.481201171875]
[589.3595581054688, 78035.9375, 20784.046875, 144187.984375, 1985.670654296875]
[593.8255615234375, 78905.71875, 20820.345703125, 118198.515625, 1987.276611328125]
[587.0191650390625, 76939.6796875, 20436.1796875, 108885.7734375, 1988.55810546875]
[566.9027709960938, 71381.453125, 19524.169921875, 100427.171875, 1990.409912109375]
[531.2981567382812, 61446.9609375, 18058.2890625, 89308.25, 1993.214111328125]
[458.3961181640625, 41819.390625, 15381.7001953125, 93296.4765625, 1998.5140380859375]
[447.2679748535156, 38431.3203125, 14958.615234375, 73280.5859375, 2000.123291015625]
[446.38543701171875, 38263.10546875, 14790.36328125, 67566.96875, 1999.8929443359375]
[440.46563720703125, 36762.61328125, 14368.8994140625, 60531.48828125, 1999.80419921875]
[423.1822814941406, 32304.091796875, 13698.6640625, 56232.1875, 2001.1961669921875]
[394.9601135253906, 25174.068359375, 12535.6748046875, 51860.15234375, 2003.1280517578125]
[370.4979553222656, 19492.4453125, 11767.7294921875, 50104.26953125, 2005.392333984375]
[373.6522216796875, 20222.2890625, 11727.3740234375, 44145.73828125, 2004.1103515625]
[366.52685546875, 18637.029296875, 11437.4765625, 41661.32421875, 2004.1375732421875]
[360.64910888671875, 17337.193359375, 11022.52734375, 38965.16015625, 2003.5228271484375]
[337.188720703125, 12626.044921875, 10132.0166015625, 39900.359375, 2004.311279296875]
[340.77813720703125, 13121.5595703125, 9802.919921875, 32474.796875, 2002.662841796875]
[340.52093505859375, 12983.533203125, 9606.357421875, 30405.197265625, 2002.2000732421875]
[335.1041259765625, 11932.5029296875, 9146.3125, 27341.419921875, 2002.378173828125]
[331.29510498046875, 11224.9599609375, 8488.890625, 27676.849609375, 2002.114013671875]
[329.7650146484375, 11070.654296875, 8541.2353515625, 24248.08203125, 2002.541748046875]
[327.4649353027344, 10813.5556640625, 8471.5732421875, 23278.951171875, 2002.9361572265625]
[323.66180419921875, 10402.5302734375, 8238.0263671875, 22182.359375, 2003.365478515625]
[316.5235595703125, 9748.068359375, 7817.662109375, 20477.615234375, 2004.1868896484375]
[308.57269287109375, 9026.69140625, 6879.306640625, 20610.71875, 2004.3470458984375]
[304.0826721191406, 8903.3427734375, 6745.83837890625, 18104.171875, 2005.03466796875]
[305.5346374511719, 8905.1591796875, 6770.4169921875, 17286.75, 2004.5323486328125]
[303.7039489746094, 8810.1484375, 6590.95166015625, 16769.03125, 2004.58935546875]
[300.4718017578125, 8544.4169921875, 6225.39794921875, 16194.4140625, 2004.4169921875]
[293.0296630859375, 8165.029296875, 5697.81298828125, 15921.5263671875, 2005.9451904296875]
[293.25390625, 7910.7841796875, 5534.9609375, 15215.2880859375, 2005.135986328125]
[292.7585754394531, 7814.052734375, 5486.4150390625, 14724.29296875, 2005.109130859375]
[291.4981689453125, 7637.0185546875, 5346.80078125, 14277.44921875, 2005.340576171875]
[288.8345031738281, 7354.17626953125, 5092.005859375, 13502.33984375, 2005.826416015625]
[285.20166015625, 6890.1953125, 4621.87890625, 13120.94921875, 2006.602294921875]
[282.9693298339844, 6710.021484375, 4441.6142578125, 12509.6748046875, 2006.9039306640625]
[279.3328552246094, 6449.5986328125, 4183.31005859375, 12155.560546875, 2007.2896728515625]
[275.12945556640625, 6102.87548828125, 3871.100830078125, 11488.041015625, 2007.802734375]
[263.86248779296875, 5415.1611328125, 3281.83984375, 11997.2607421875, 2009.3779296875]
[266.9715270996094, 5441.92822265625, 3347.654296875, 10782.310546875, 2008.4658203125]
[266.0100402832031, 5353.498046875, 3289.222900390625, 10514.2822265625, 2008.87158203125]
[264.2864685058594, 5192.97705078125, 3182.440673828125, 10365.1982421875, 2009.20458984375]
[261.6108703613281, 4891.07763671875, 2994.435791015625, 10079.82421875, 2009.5703125]
[259.8587341308594, 4584.62060546875, 2823.447265625, 9579.826171875, 2009.8121337890625]
[256.7196350097656, 4074.30126953125, 2600.676513671875, 9838.701171875, 2010.100830078125]
[258.3659973144531, 4173.4111328125, 2621.4755859375, 8943.7109375, 2009.7015380859375]
[257.7281799316406, 4084.813232421875, 2576.191162109375, 8858.9462890625, 2009.976806640625]
[257.0435485839844, 3998.83544921875, 2534.988037109375, 8716.7978515625, 2010.151611328125]
[256.67816162109375, 3791.659912109375, 2438.9697265625, 8338.99609375, 2010.1651611328125]
[255.16134643554688, 3557.788330078125, 2343.413818359375, 8067.3046875, 2010.518310546875]
[255.90155029296875, 3525.7998046875, 2318.462158203125, 7719.171875, 2010.1365966796875]
[255.98541259765625, 3432.179443359375, 2282.139892578125, 7486.9794921875, 2010.1290283203125]
[255.80728149414062, 3314.471435546875, 2233.11865234375, 7243.87548828125, 2010.1251220703125]
[254.5301055908203, 3071.28564453125, 2159.734375, 7200.0, 2010.7584228515625]
[254.74964904785156, 3015.911376953125, 2133.990478515625, 6972.8017578125, 2010.7388916015625]
[254.4154510498047, 2962.9599609375, 2110.511962890625, 6826.19384765625, 2010.8204345703125]
[254.48683166503906, 2839.3037109375, 2075.91455078125, 6746.80029296875, 2011.038818359375]
[253.86328125, 2765.51806640625, 2032.7122802734375, 6557.67138671875, 2011.0218505859375]
[254.01084899902344, 2660.68603515625, 2006.97802734375, 6432.6962890625, 2011.1522216796875]
[254.44180297851562, 2600.25537109375, 1978.0223388671875, 6255.041015625, 2010.946044921875]
[254.681640625, 2507.798583984375, 1944.87451171875, 6108.81640625, 2010.9718017578125]
[255.56704711914062, 2396.253662109375, 1891.9603271484375, 5914.85205078125, 2010.8094482421875]
[256.2823486328125, 2281.672119140625, 1832.1051025390625, 5718.17333984375, 2010.74365234375]
[257.03680419921875, 2104.16455078125, 1760.92578125, 5809.1337890625, 2010.92431640625]
[256.5444641113281, 2133.936767578125, 1753.4036865234375, 5480.7626953125, 2010.69189453125]
[256.9542541503906, 2089.55615234375, 1743.8909912109375, 5418.76171875, 2010.775146484375]
[256.06414794921875, 2084.3154296875, 1728.0394287109375, 5285.62060546875, 2010.6256103515625]
[255.73345947265625, 2037.019287109375, 1702.267333984375, 5194.77734375, 2010.5445556640625]
[255.01773071289062, 1963.4599609375, 1657.0277099609375, 5066.83544921875, 2010.4234619140625]
[254.157958984375, 1906.8853759765625, 1609.587158203125, 4978.04736328125, 2010.212890625]
[253.55020141601562, 1881.7471923828125, 1576.896728515625, 4855.1142578125, 2010.0762939453125]
[253.3069305419922, 1841.0174560546875, 1540.7061767578125, 4746.20556640625, 2010.062255859375]
[253.1519775390625, 1797.36865234375, 1490.243896484375, 4637.67919921875, 2010.018798828125]
[252.75897216796875, 1741.4149169921875, 1450.164794921875, 4543.32763671875, 2010.091552734375]
[252.8327178955078, 1698.0115966796875, 1419.7418212890625, 4469.494140625, 2010.1182861328125]
[252.4397430419922, 1659.0106201171875, 1389.200439453125, 4359.11767578125, 2009.9862060546875]
[252.34762573242188, 1588.08447265625, 1354.4283447265625, 4337.0869140625, 2009.98095703125]
[251.6475372314453, 1574.9716796875, 1339.1123046875, 4227.80419921875, 2009.7713623046875]
[251.03012084960938, 1544.340576171875, 1316.2823486328125, 4161.03955078125, 2009.582763671875]
[250.2349090576172, 1512.3443603515625, 1287.638427734375, 4089.47314453125, 2009.4561767578125]
[249.3654327392578, 1451.7637939453125, 1244.4317626953125, 4023.954345703125, 2009.2196044921875]
[248.7290802001953, 1426.1795654296875, 1218.4100341796875, 3932.77197265625, 2009.1512451171875]
[248.322021484375, 1394.7373046875, 1198.6741943359375, 3860.8173828125, 2009.20458984375]
[247.82962036132812, 1366.743408203125, 1176.82666015625, 3788.998779296875, 2009.157470703125]
[247.3553466796875, 1335.11328125, 1158.2376708984375, 3706.4521484375, 2009.207763671875]
[246.7640380859375, 1298.34326171875, 1129.90869140625, 3640.91552734375, 2009.15283203125]
[246.17408752441406, 1279.144775390625, 1109.3765869140625, 3577.658203125, 2009.0496826171875]
[245.84999084472656, 1240.9632568359375, 1079.5390625, 3590.693359375, 2009.0281982421875]
[245.71282958984375, 1239.22509765625, 1070.33154296875, 3524.87255859375, 2008.900146484375]
[245.429931640625, 1225.593994140625, 1054.0626220703125, 3469.2001953125, 2008.7857666015625]
[244.9577178955078, 1192.74951171875, 1025.4849853515625, 3413.1748046875, 2008.68603515625]
[244.06752014160156, 1146.3175048828125, 991.0593872070312, 3391.787109375, 2008.403564453125]
[244.02333068847656, 1140.046142578125, 988.5698852539062, 3311.52001953125, 2008.462158203125]
[243.87860107421875, 1126.971923828125, 980.8418579101562, 3253.67822265625, 2008.471435546875]
[243.67320251464844, 1117.9132080078125, 975.940185546875, 3194.64990234375, 2008.49365234375]
[243.2189178466797, 1085.0423583984375, 952.7217407226562, 3136.322998046875, 2008.4776611328125]
[242.87481689453125, 1077.563232421875, 944.0596923828125, 3071.130859375, 2008.4130859375]
[242.4516143798828, 1059.223876953125, 929.939697265625, 3043.46435546875, 2008.400146484375]
[241.50025939941406, 1038.1927490234375, 909.62451171875, 2996.657958984375, 2008.350830078125]
[240.8878173828125, 1019.1595458984375, 896.5964965820312, 2961.623779296875, 2008.3072509765625]
[240.5401611328125, 1014.7363891601562, 893.472900390625, 2917.649169921875, 2008.27978515625]
[240.0255126953125, 999.4407958984375, 883.3470458984375, 2890.73095703125, 2008.22119140625]
[239.570068359375, 987.4261474609375, 875.321533203125, 2845.280029296875, 2008.1708984375]
[239.0301055908203, 966.4690551757812, 860.4861450195312, 2806.03466796875, 2008.0535888671875]
[238.71774291992188, 961.02001953125, 855.4223022460938, 2773.280517578125, 2008.044677734375]
[238.19650268554688, 947.3154296875, 847.4073486328125, 2734.671142578125, 2008.0833740234375]
[237.2685089111328, 933.6980590820312, 837.98583984375, 2682.64013671875, 2008.046875]
[236.57887268066406, 922.4345092773438, 831.991455078125, 2637.7001953125, 2008.0101318359375]
[235.74525451660156, 908.1375732421875, 824.1724853515625, 2600.307861328125, 2007.8760986328125]
[234.6539764404297, 891.7008666992188, 811.6526489257812, 2555.216552734375, 2007.5638427734375]
[233.53672790527344, 872.8307495117188, 802.2247314453125, 2531.68017578125, 2007.38330078125]
[233.0998992919922, 870.580322265625, 797.44580078125, 2506.66845703125, 2007.213623046875]
[232.91709899902344, 866.61328125, 795.1088256835938, 2484.62255859375, 2007.2086181640625]
[232.48321533203125, 860.6384887695312, 791.4480590820312, 2459.802734375, 2007.2364501953125]
[231.661376953125, 851.7640991210938, 785.4564208984375, 2426.4931640625, 2007.2301025390625]
[230.0729522705078, 835.733642578125, 774.3596801757812, 2374.99853515625, 2007.1551513671875]
[227.62191772460938, 814.665771484375, 756.4959716796875, 2380.035888671875, 2007.0748291015625]
[227.36697387695312, 811.5919189453125, 754.173095703125, 2315.7314453125, 2007.0155029296875]
[226.7532501220703, 804.9892578125, 749.867919921875, 2296.02685546875, 2006.949951171875]
[225.83270263671875, 796.3812866210938, 742.4529418945312, 2272.7744140625, 2006.90869140625]
[223.90374755859375, 778.4644165039062, 730.4562377929688, 2260.3544921875, 2006.8634033203125]
[223.15174865722656, 772.795166015625, 723.4583740234375, 2237.1455078125, 2006.9444580078125]
[222.54306030273438, 767.6306762695312, 719.921142578125, 2219.763427734375, 2006.98095703125]
[221.80813598632812, 761.6925048828125, 715.1317138671875, 2187.386474609375, 2007.019287109375]
[220.5950927734375, 750.2221069335938, 707.158935546875, 2156.1513671875, 2006.987060546875]
[218.51840209960938, 731.9425048828125, 691.85498046875, 2129.906494140625, 2006.7913818359375]
[217.62692260742188, 723.5157470703125, 685.8855590820312, 2111.24169921875, 2006.6966552734375]
[216.6900177001953, 715.8153686523438, 679.9476318359375, 2100.575439453125, 2006.5732421875]
[214.60317993164062, 698.7874145507812, 668.0986938476562, 2080.68701171875, 2006.379638671875]
[212.71102905273438, 684.009521484375, 657.577880859375, 2054.6064453125, 2006.0672607421875]
[211.9102783203125, 677.7661743164062, 653.7150268554688, 2036.7803955078125, 2006.0460205078125]
[211.89593505859375, 677.349609375, 653.05322265625, 2011.290771484375, 2006.04443359375]
[210.56887817382812, 667.267578125, 647.6281127929688, 2004.677490234375, 2006.0029296875]
[210.89993286132812, 668.6505126953125, 648.0980834960938, 1968.7120361328125, 2005.9952392578125]
[210.1732940673828, 661.4928588867188, 643.0651245117188, 1943.8114013671875, 2005.8824462890625]
[208.85626220703125, 650.3192138671875, 635.4530639648438, 1931.206787109375, 2005.7415771484375]
[205.62953186035156, 625.6243896484375, 619.8560791015625, 1955.514892578125, 2005.3330078125]
[205.22625732421875, 621.3638305664062, 617.4093627929688, 1895.650634765625, 2005.3074951171875]
[205.06268310546875, 619.6580200195312, 616.3056030273438, 1876.0301513671875, 2005.27001953125]
[203.98744201660156, 610.8983764648438, 611.7420654296875, 1864.2015380859375, 2005.1591796875]
[203.46229553222656, 605.6985473632812, 609.0768432617188, 1843.114013671875, 2005.0531005859375]
[201.99745178222656, 593.8331909179688, 603.14599609375, 1826.8529052734375, 2004.8720703125]
[201.13377380371094, 586.3511352539062, 598.8553466796875, 1802.364990234375, 2004.6868896484375]
[200.02505493164062, 578.1367797851562, 593.6660766601562, 1786.30615234375, 2004.5213623046875]
[198.80052185058594, 569.9590454101562, 587.8751831054688, 1770.4151611328125, 2004.2962646484375]
[198.3783721923828, 567.2144775390625, 584.1557006835938, 1746.54931640625, 2004.150634765625]
[196.73599243164062, 557.6720581054688, 577.2424926757812, 1736.4521484375, 2003.873779296875]
[196.658203125, 556.5864868164062, 575.0179443359375, 1715.743408203125, 2003.775634765625]
[196.31442260742188, 553.3052978515625, 571.6334228515625, 1696.9447021484375, 2003.6456298828125]
[195.526123046875, 546.9634399414062, 566.234619140625, 1681.744873046875, 2003.4306640625]
[195.17523193359375, 543.636474609375, 563.0380249023438, 1667.12744140625, 2003.318359375]
[194.71327209472656, 540.0001831054688, 559.7760009765625, 1652.6904296875, 2003.2086181640625]
[193.81988525390625, 534.17822265625, 554.0267333984375, 1636.5146484375, 2003.0250244140625]
[193.45167541503906, 531.2933349609375, 550.6531372070312, 1616.569580078125, 2002.919189453125]
[192.5903778076172, 526.4920654296875, 545.7711791992188, 1606.542236328125, 2002.7227783203125]
[192.3370361328125, 524.5675659179688, 542.5656127929688, 1590.7149658203125, 2002.6077880859375]
[191.5869140625, 520.3379516601562, 536.9280395507812, 1577.9510498046875, 2002.380859375]
[190.78158569335938, 514.962158203125, 528.7882080078125, 1568.9952392578125, 2002.013916015625]
[190.46360778808594, 512.9735717773438, 525.6685180664062, 1553.19140625, 2001.9156494140625]
[190.45169067382812, 512.0760498046875, 524.1819458007812, 1542.744873046875, 2001.8858642578125]
[190.01585388183594, 509.3134765625, 520.05029296875, 1535.863037109375, 2001.7242431640625]
[189.9500732421875, 507.1139221191406, 516.770263671875, 1524.579345703125, 2001.62890625]
[189.5838623046875, 503.91436767578125, 512.0397338867188, 1515.9947509765625, 2001.44482421875]
[189.23765563964844, 499.95245361328125, 506.216064453125, 1498.2874755859375, 2001.21875]
[188.25732421875, 492.062255859375, 495.1317138671875, 1493.7874755859375, 2000.80126953125]
[188.401123046875, 490.100341796875, 493.0286560058594, 1471.10302734375, 2000.6778564453125]
[188.12086486816406, 488.6858825683594, 491.2014465332031, 1460.1192626953125, 2000.5831298828125]
[187.8996124267578, 487.1535949707031, 489.4537658691406, 1446.2449951171875, 2000.47607421875]
[187.50009155273438, 484.1241149902344, 484.9781494140625, 1439.8653564453125, 2000.25537109375]
[187.09303283691406, 479.35455322265625, 478.43939208984375, 1427.25634765625, 1999.940185546875]
[186.5690460205078, 473.6853332519531, 470.25189208984375, 1411.78125, 1999.5614013671875]
[186.4192352294922, 467.82110595703125, 463.15972900390625, 1394.6431884765625, 1999.275146484375]
[186.23748779296875, 464.66766357421875, 459.1205139160156, 1389.4853515625, 1999.08544921875]
[186.1044464111328, 461.1703186035156, 455.2121276855469, 1381.348388671875, 1998.889892578125]
[185.9653778076172, 455.7718505859375, 449.6851501464844, 1372.3880615234375, 1998.58984375]
[185.57186889648438, 450.52197265625, 443.8188781738281, 1365.4560546875, 1998.2633056640625]
[185.6011962890625, 449.2160949707031, 443.10247802734375, 1353.1739501953125, 1998.2005615234375]
[185.37799072265625, 446.65826416015625, 439.8190612792969, 1347.6160888671875, 1998.021728515625]
[185.17161560058594, 443.9920654296875, 436.3050537109375, 1338.5469970703125, 1997.830810546875]
[185.0096435546875, 440.7088623046875, 432.2975158691406, 1326.2503662109375, 1997.6124267578125]
[184.78623962402344, 434.9858703613281, 426.08441162109375, 1316.12939453125, 1997.213623046875]
[184.79962158203125, 432.5163879394531, 423.57281494140625, 1303.3880615234375, 1997.071533203125]
[184.7296600341797, 429.259765625, 420.3761901855469, 1296.47607421875, 1996.84912109375]
[184.67605590820312, 426.30029296875, 417.59521484375, 1284.80224609375, 1996.63427734375]
[184.23822021484375, 418.0699462890625, 409.13372802734375, 1279.8692626953125, 1995.9779052734375]
[184.1463165283203, 416.43646240234375, 407.4710693359375, 1261.871826171875, 1995.845458984375]
[183.8782196044922, 413.27105712890625, 404.0996398925781, 1254.792724609375, 1995.57275390625]
[183.6719970703125, 411.75341796875, 402.37701416015625, 1246.9903564453125, 1995.43017578125]
[183.39608764648438, 408.4084777832031, 398.90045166015625, 1245.360107421875, 1995.1217041015625]
[183.23880004882812, 406.46826171875, 396.9705810546875, 1238.9088134765625, 1994.9439697265625]
[182.9394989013672, 402.73809814453125, 393.2422180175781, 1227.3408203125, 1994.59228515625]
[182.5748748779297, 398.3702087402344, 388.9048767089844, 1217.4569091796875, 1994.2132568359375]
[182.2790069580078, 395.21112060546875, 385.711669921875, 1208.32568359375, 1993.918212890625]
[182.02638244628906, 392.2394714355469, 382.6225891113281, 1200.9287109375, 1993.6484375]
[181.84788513183594, 390.0233459472656, 380.2472839355469, 1192.5780029296875, 1993.457275390625]
[181.5054168701172, 385.5655822753906, 375.51861572265625, 1188.1278076171875, 1992.995849609375]
[181.48817443847656, 384.80908203125, 374.1206359863281, 1175.1629638671875, 1992.92724609375]
[181.23045349121094, 381.5736083984375, 370.6192321777344, 1168.447998046875, 1992.5277099609375]
[181.1818084716797, 380.8338623046875, 369.614013671875, 1161.52197265625, 1992.4210205078125]
[181.02528381347656, 379.15240478515625, 367.7183837890625, 1154.7335205078125, 1992.217041015625]
[180.6950225830078, 375.48284912109375, 363.26361083984375, 1151.002685546875, 1991.7862548828125]
[180.61895751953125, 374.5972900390625, 362.0541076660156, 1137.8720703125, 1991.6932373046875]
[180.56204223632812, 373.9007263183594, 361.0982971191406, 1132.4273681640625, 1991.621826171875]
[180.4666748046875, 372.7872314453125, 359.5411682128906, 1126.381591796875, 1991.4986572265625]
[180.13853454589844, 370.3412170410156, 356.2030334472656, 1115.912841796875, 1991.16015625]
