
[1772547.625, 38767608.0, 13178178.0, 497777984.0, 0.0]
[1772547.5, 38767604.0, 13178178.0, 497777920.0, 3.2616873091306786e-10]
[1772539.0, 38766152.0, 13175943.0, 497584704.0, 0.0005625270423479378]
[1766008.5, 37368492.0, 11762079.0, 395053440.0, 155.56753540039062]
[1748632.0, 33342430.0, 9619774.0, 267771344.0, 666.4925537109375]
[1712028.0, 26843622.0, 7659700.5, 177211280.0, 1320.538818359375]
[1677243.875, 23302442.0, 6427256.0, 119361728.0, 1570.005126953125]
[1644486.0, 21048756.0, 5682644.5, 86903000.0, 1747.4774169921875]
[1578880.75, 17778842.0, 4543510.5, 55550092.0, 2002.664306640625]
[1508363.25, 15504583.0, 3949380.75, 45571908.0, 2120.706787109375]
[1480445.625, 14788797.0, 3534591.75, 31530246.0, 2205.908447265625]
[1458599.5, 14383829.0, 3325216.0, 26979958.0, 2207.575927734375]
[1407810.5, 13339499.0, 2946805.25, 22809998.0, 2318.79296875]
[1340929.875, 12313990.0, 2622377.25, 18622778.0, 2319.36767578125]
[1313031.375, 11906090.0, 2441713.75, 15396114.0, 2367.38720703125]
[1276087.625, 11409280.0, 2286812.25, 13563883.0, 2409.752685546875]
[1192432.375, 10417949.0, 2003372.0, 11070732.0, 2429.13916015625]
[1161774.5, 10050814.0, 1880928.25, 9232709.0, 2473.922119140625]
[1130965.25, 9709096.0, 1792612.0, 8373716.0, 2483.213623046875]
[1043501.0, 8846552.0, 1579083.0, 7784041.0, 2531.390869140625]
[1034509.5, 8664124.0, 1530293.75, 6389359.5, 2507.624755859375]
[973711.0, 8171692.5, 1438041.0, 7189068.0, 2626.42236328125]
[988048.375, 8219665.0, 1411309.5, 5576822.0, 2605.418212890625]
[969703.0, 8037301.0, 1378154.25, 5205849.5, 2574.614013671875]
[942318.1875, 7780054.5, 1318091.25, 4880737.0, 2603.78564453125]
[857021.625, 7017086.5, 1143305.625, 4255788.0, 2693.78125]
[820993.8125, 6624705.0, 1044316.625, 3829330.5, 2696.12939453125]
[794926.3125, 6361657.5, 996840.0, 3412926.5, 2697.68359375]
[739336.8125, 5907798.5, 921635.3125, 3311256.25, 2728.973388671875]
[696938.4375, 5436789.0, 842129.375, 3137871.75, 2735.735595703125]
[613373.625, 4855924.0, 773786.0, 3459218.75, 2770.64697265625]
[631648.125, 4877173.0, 759093.0, 2687135.75, 2750.4248046875]
[611391.9375, 4685670.0, 731666.5, 2508601.25, 2762.053466796875]
[492610.4375, 3850878.25, 668412.4375, 4071875.0, 2830.0791015625]
[556861.5625, 4151879.0, 660751.625, 2151253.0, 2789.1318359375]
[536087.1875, 3994092.5, 639315.3125, 2044213.125, 2805.5146484375]
[488548.375, 3628466.25, 605674.25, 2138739.75, 2821.51904296875]
[469316.96875, 3478731.0, 586713.625, 1999717.25, 2832.97021484375]
[414857.46875, 3012771.0, 532294.9375, 1758443.125, 2842.911376953125]
[371771.65625, 2712358.5, 496214.78125, 1810223.125, 2878.56396484375]
[368599.90625, 2625027.5, 482284.125, 1700633.25, 2863.53125]
[312151.875, 2239146.5, 474281.5625, 2437146.0, 2855.0849609375]
[343770.875, 2426520.5, 462480.375, 1580377.375, 2869.281982421875]
[330296.375, 2328906.25, 451102.125, 1540940.125, 2879.123046875]
[268427.9375, 1947717.375, 430704.21875, 2298596.25, 2916.651123046875]
[306918.4375, 2143900.0, 427254.125, 1373581.75, 2894.181396484375]
[296638.03125, 2067780.75, 417474.21875, 1324940.375, 2901.71142578125]
[237016.859375, 1691792.75, 395199.875, 2177240.25, 2932.59814453125]
[270523.5, 1873173.0, 391662.0625, 1206835.0, 2917.57275390625]
[261170.28125, 1805779.25, 383084.09375, 1182485.5, 2923.130859375]
[210994.46875, 1501902.125, 353503.125, 1505062.625, 2953.935302734375]
[229218.5625, 1564690.125, 348239.78125, 1084333.125, 2939.758544921875]
[220112.890625, 1504745.875, 338034.125, 1020857.6875, 2944.93701171875]
[192716.515625, 1328337.625, 313367.90625, 999506.375, 2963.346923828125]
[170450.421875, 1172204.875, 292225.09375, 1034807.125, 2981.13134765625]
[163007.796875, 1104325.0, 278698.5625, 879803.375, 2987.4443359375]
[144115.078125, 986748.6875, 265707.6875, 932931.6875, 3003.079833984375]
[140013.953125, 914425.375, 251089.046875, 860397.3125, 2998.6435546875]
[126845.8046875, 837275.3125, 241375.484375, 870464.875, 3021.0341796875]
[127452.4375, 830538.8125, 239193.359375, 813287.625, 3015.91650390625]
[119641.5703125, 761526.3125, 230506.046875, 790957.5, 3013.26123046875]
[119112.9609375, 739524.6875, 221964.875, 766756.5, 3020.060546875]
[114951.3671875, 714896.5, 221111.75, 749606.6875, 3022.26220703125]
[113288.515625, 705063.4375, 220954.4375, 721857.6875, 3022.660400390625]
[108350.8125, 674919.5625, 217739.90625, 694412.5, 3030.0751953125]
[102959.3125, 634632.3125, 210431.671875, 658938.0, 3040.601318359375]
[91688.8984375, 565141.625, 200897.703125, 696576.0625, 3056.078857421875]
[94208.1171875, 566828.75, 195897.34375, 625074.125, 3051.9169921875]
[90484.3671875, 535919.25, 191293.921875, 627876.125, 3057.214111328125]
[89018.78125, 526343.75, 188945.3125, 596863.25, 3058.500244140625]
[85076.3203125, 499484.125, 184262.328125, 589676.5, 3063.244140625]
[79735.359375, 462689.5, 177812.984375, 576318.25, 3071.191162109375]
[71766.140625, 409173.59375, 168744.75, 545513.75, 3086.37646484375]
[69443.6328125, 384398.59375, 160124.328125, 540207.25, 3090.552734375]
[64195.11328125, 355628.25, 157122.65625, 538045.4375, 3103.54833984375]
[66376.3828125, 366923.84375, 157486.578125, 485006.90625, 3097.21044921875]
[65284.74609375, 358250.4375, 155195.0, 466310.625, 3096.11181640625]
[59546.96484375, 320359.34375, 146569.5625, 466530.28125, 3107.090087890625]
[58331.82421875, 308064.4375, 142484.421875, 448296.65625, 3100.797607421875]
[57725.56640625, 302637.4375, 140310.421875, 434495.4375, 3103.647216796875]
[54010.73828125, 279346.625, 135112.15625, 443552.75, 3112.978515625]
[54285.1484375, 277080.875, 132764.453125, 421297.21875, 3111.364501953125]
[53122.23828125, 269159.96875, 130700.7734375, 414958.4375, 3112.86328125]
[49865.8515625, 248104.4375, 125691.6640625, 420603.03125, 3117.78076171875]
[50466.5234375, 249583.34375, 124798.2734375, 396804.09375, 3117.91015625]
[49886.62109375, 245385.53125, 123358.75, 387249.5, 3120.57177734375]
[47778.953125, 231504.140625, 119280.484375, 375760.5625, 3128.584228515625]
[47085.765625, 225212.375, 116959.3046875, 363509.65625, 3128.927978515625]
[44379.57421875, 208161.34375, 111661.1640625, 365803.65625, 3139.2939453125]
[44634.4609375, 205497.5, 109519.03125, 347199.25, 3134.184814453125]
[43732.3046875, 198824.15625, 107371.390625, 341344.53125, 3133.57763671875]
[42653.28515625, 191454.265625, 104616.65625, 336883.4375, 3137.7607421875]
[41724.45703125, 184321.40625, 101469.515625, 326388.46875, 3141.702880859375]
[40069.875, 172708.1875, 97246.0, 321286.5625, 3149.52490234375]
[39120.0703125, 164218.71875, 92775.921875, 317349.1875, 3153.246826171875]
[37550.26171875, 154623.5, 89929.2734375, 320953.5625, 3157.468505859375]
[38070.21484375, 156765.296875, 90331.1953125, 302255.15625, 3155.345703125]
[37695.9140625, 153984.921875, 89147.828125, 296138.5, 3156.587890625]
[36002.828125, 142719.390625, 84753.171875, 292043.03125, 3161.794677734375]
[35709.5546875, 139837.28125, 83064.359375, 282844.96875, 3159.3408203125]
[34804.73046875, 134302.21875, 81303.484375, 277469.84375, 3164.2470703125]
[34211.89453125, 130499.8046875, 79802.890625, 271465.5, 3167.549072265625]
[33659.859375, 127388.7578125, 78821.65625, 268638.84375, 3168.766357421875]
[33419.79296875, 125616.8359375, 77922.34375, 260155.09375, 3169.1435546875]
[32671.390625, 121458.1328125, 76282.0859375, 254319.53125, 3172.91162109375]
[32246.08203125, 118479.7109375, 74764.5703125, 245837.390625, 3175.776123046875]
[31528.59375, 114130.3125, 72711.1953125, 242259.734375, 3179.679931640625]
[31222.9375, 111802.171875, 71468.3671875, 234873.875, 3181.00439453125]
[30548.435546875, 107578.296875, 69560.734375, 230335.296875, 3184.171630859375]
[30198.576171875, 104468.84375, 67683.3203125, 227183.5, 3183.59375]
[28790.1796875, 97515.1328125, 65094.52734375, 235776.609375, 3191.09814453125]
[29381.837890625, 99967.78125, 65821.34375, 219125.078125, 3188.072265625]
[29140.119140625, 98490.4609375, 65141.12890625, 216367.5, 3188.855224609375]
[28114.73828125, 92699.1015625, 62535.25390625, 213914.28125, 3195.395263671875]
[27879.248046875, 90897.859375, 61673.2421875, 210471.28125, 3193.168701171875]
[27764.650390625, 89864.765625, 61022.54296875, 205958.0, 3194.961669921875]
[27094.583984375, 86083.953125, 59157.86328125, 205134.640625, 3199.8251953125]
[27045.8828125, 85092.2109375, 58374.80859375, 201038.78125, 3198.942626953125]
[26592.98828125, 82718.125, 57178.828125, 198222.265625, 3200.35498046875]
[26036.126953125, 79798.6328125, 55734.40625, 194550.5, 3202.40185546875]
[25822.546875, 78415.6015625, 54906.74609375, 189794.546875, 3202.964111328125]
[25454.224609375, 76394.3671875, 53920.10546875, 187059.65625, 3205.45556640625]
[25339.1953125, 75348.2734375, 53267.9609375, 183235.9375, 3206.31591796875]
[24812.046875, 72785.203125, 51956.49609375, 182594.515625, 3209.233154296875]
[24788.337890625, 72117.796875, 51221.88671875, 176731.453125, 3208.03076171875]
[24589.1171875, 71047.75, 50497.0703125, 173797.734375, 3208.222900390625]
[24128.791015625, 68775.5234375, 49055.5703125, 171917.421875, 3209.983154296875]
[23907.0703125, 67523.6640625, 48259.90234375, 169103.65625, 3210.91015625]
[23576.330078125, 66017.9453125, 47480.15625, 167300.53125, 3213.713623046875]
[23343.3984375, 64536.1640625, 46618.38671875, 164469.71875, 3216.201416015625]
[23151.123046875, 63713.6171875, 46166.55078125, 162845.953125, 3217.225341796875]
[23047.7421875, 63103.0078125, 45762.77734375, 159999.734375, 3217.45654296875]
[22705.103515625, 61630.8125, 44859.50390625, 158823.34375, 3219.37841796875]
[22560.40234375, 60632.72265625, 44091.2265625, 155745.546875, 3219.264404296875]
[22208.861328125, 59105.7578125, 43099.25, 153021.0, 3222.3203125]
[21878.71875, 57559.27734375, 42080.37890625, 150376.0, 3224.351318359375]
[21656.44140625, 56431.16796875, 41296.52734375, 148635.609375, 3227.592529296875]
[21312.623046875, 55213.3125, 40516.3046875, 147903.9375, 3230.6435546875]
[21307.28515625, 54666.2734375, 40177.89453125, 145366.703125, 3229.092529296875]
[21213.119140625, 54355.76953125, 39946.19140625, 143318.328125, 3229.99560546875]
[21081.859375, 53834.015625, 39568.90625, 142062.109375, 3231.3671875]
[20930.40234375, 53119.7109375, 39048.45703125, 140455.4375, 3232.17041015625]
[20646.69921875, 51805.328125, 38107.7421875, 138152.21875, 3234.84912109375]
[20461.95703125, 50775.859375, 37365.91796875, 136188.515625, 3234.395751953125]
[20335.478515625, 50142.875, 36921.70703125, 134826.40625, 3235.59375]
[20073.96484375, 49031.8125, 36179.625, 133579.75, 3237.814208984375]
[19927.609375, 47980.94921875, 35392.66796875, 133318.484375, 3238.855224609375]
[19466.92578125, 46471.15234375, 34488.5859375, 132153.40625, 3243.1376953125]
[19606.8125, 46902.953125, 34741.55078125, 128468.734375, 3240.7783203125]
[19522.7578125, 46503.48828125, 34472.21875, 126621.9140625, 3240.796630859375]
[19265.84375, 45337.34765625, 33724.93359375, 123941.5, 3242.372802734375]
[18804.138671875, 43380.58984375, 32445.201171875, 127126.3671875, 3245.171630859375]
[18897.9453125, 43599.13671875, 32576.091796875, 121151.9453125, 3244.466552734375]
[18778.482421875, 43137.82421875, 32303.5859375, 120426.609375, 3245.35107421875]
[18656.74609375, 42478.98828125, 31885.1484375, 119433.2109375, 3245.9599609375]
[18355.55078125, 41374.55859375, 31236.931640625, 119026.5078125, 3248.09814453125]
[18205.189453125, 40709.9296875, 30844.654296875, 116785.4453125, 3249.138916015625]
[18024.12890625, 39919.296875, 30378.982421875, 115081.4765625, 3250.40966796875]
[17845.666015625, 39299.5625, 30013.248046875, 113902.40625, 3252.23486328125]
[17735.173828125, 38856.375, 29733.27734375, 112601.125, 3253.333984375]
[17376.775390625, 37667.6796875, 28982.087890625, 112031.109375, 3256.799560546875]
[17450.970703125, 37419.21875, 28800.26171875, 111159.203125, 3254.75537109375]
[17342.298828125, 37220.90234375, 28652.37109375, 108900.984375, 3255.732666015625]
[17281.966796875, 37035.90234375, 28524.453125, 107960.3515625, 3256.31396484375]
[17199.185546875, 36718.28515625, 28284.50390625, 107051.3515625, 3256.52978515625]
[17009.078125, 36006.93359375, 27751.732421875, 105123.0, 3257.90087890625]
[16612.193359375, 34682.328125, 26817.58203125, 106478.6328125, 3259.181884765625]
[16728.888671875, 34834.515625, 26850.958984375, 102843.53125, 3259.0888671875]
[16550.9609375, 34370.23046875, 26612.05859375, 102657.7265625, 3262.020751953125]
[16531.75, 34250.83984375, 26520.69921875, 101619.5078125, 3261.216796875]
[16410.0390625, 33825.92578125, 26231.6015625, 101150.3984375, 3261.39501953125]
[16267.990234375, 33357.01171875, 25908.134765625, 100635.0703125, 3262.021728515625]
[15934.1435546875, 32325.671875, 25191.76171875, 98994.5078125, 3264.433837890625]
[15720.20703125, 31537.5, 24594.615234375, 98148.1015625, 3264.597900390625]
[15571.1220703125, 31140.46875, 24326.546875, 97170.078125, 3266.571044921875]
[15656.1376953125, 31228.771484375, 24355.59375, 96098.0078125, 3266.096435546875]
[15543.875, 30950.6796875, 24158.69140625, 94975.2109375, 3266.602294921875]
[15429.1435546875, 30626.75390625, 23925.3359375, 94365.5625, 3267.090087890625]
[15305.3935546875, 30226.55078125, 23635.291015625, 93464.53125, 3267.562255859375]
[15123.30859375, 29657.5703125, 23211.08203125, 92412.21875, 3269.343017578125]
[14963.79296875, 29019.828125, 22769.455078125, 91549.7109375, 3270.02197265625]
[14891.4814453125, 28719.22265625, 22539.12109375, 90681.9609375, 3270.96875]
[14729.99609375, 28244.80078125, 22199.01953125, 90398.734375, 3272.634521484375]
[14739.6513671875, 28111.892578125, 22036.548828125, 89717.859375, 3271.838134765625]
[14629.65625, 27839.423828125, 21870.654296875, 88798.390625, 3272.5859375]
[14474.5751953125, 27442.986328125, 21627.841796875, 88008.125, 3273.48095703125]
[14446.7998046875, 27322.6484375, 21544.029296875, 87074.4453125, 3273.41552734375]
[14260.2001953125, 26743.439453125, 21121.166015625, 85829.578125, 3274.750732421875]
[14114.8330078125, 26211.11328125, 20692.23046875, 84872.1640625, 3275.716064453125]
[13962.865234375, 25761.87890625, 20334.98046875, 83975.6796875, 3276.5283203125]
[13885.1728515625, 25521.509765625, 20120.693359375, 83209.46875, 3276.93408203125]
[13649.5947265625, 24977.431640625, 19693.826171875, 83084.421875, 3278.78662109375]
[13683.3935546875, 24918.296875, 19604.0234375, 82427.3828125, 3277.82958984375]
[13609.0634765625, 24752.107421875, 19514.732421875, 81076.09375, 3278.740478515625]
[13531.4072265625, 24569.79296875, 19407.5625, 80572.046875, 3279.404296875]
[13454.146484375, 24344.85546875, 19265.09765625, 79978.953125, 3279.99755859375]
[13277.6455078125, 23888.146484375, 18945.763671875, 79141.53125, 3281.16259765625]
[13151.1181640625, 23483.8359375, 18667.568359375, 78222.609375, 3281.907958984375]
[13088.3486328125, 23218.357421875, 18473.517578125, 77501.875, 3281.870849609375]
[12850.7939453125, 22670.494140625, 18073.646484375, 77913.1328125, 3283.559814453125]
[12859.533203125, 22607.962890625, 18023.193359375, 76653.8359375, 3282.947021484375]
[12758.0361328125, 22322.841796875, 17824.703125, 75944.609375, 3283.5693359375]
[12590.685546875, 21882.99609375, 17534.39453125, 75284.9921875, 3284.93603515625]
[12428.546875, 21482.833984375, 17260.171875, 74903.3359375, 3287.017822265625]
[12401.74609375, 21345.287109375, 17160.4609375, 74170.8671875, 3287.18896484375]
[12239.51953125, 20925.875, 16874.31640625, 73824.109375, 3288.541748046875]
[12247.9814453125, 20857.125, 16807.08984375, 73082.546875, 3288.5107421875]
[12182.232421875, 20699.59375, 16708.15234375, 72666.828125, 3288.857421875]
[12003.2578125, 20255.6328125, 16450.640625, 72161.8359375, 3290.048828125]
[11969.3466796875, 20124.216796875, 16370.3388671875, 71434.921875, 3289.92529296875]
[11822.4384765625, 19728.279296875, 16136.07421875, 70768.25, 3291.585693359375]
[11675.17578125, 19335.5703125, 15896.4228515625, 70155.6328125, 3292.1865234375]
[11557.794921875, 19030.041015625, 15708.578125, 69442.8359375, 3293.850830078125]
[11453.458984375, 18781.251953125, 15552.8408203125, 68964.46875, 3294.56494140625]
[11402.892578125, 18560.943359375, 15417.830078125, 68534.75, 3294.59375]
[11162.0576171875, 18149.60546875, 15163.765625, 69131.453125, 3297.197998046875]
[11303.0498046875, 18371.30859375, 15285.0478515625, 67420.6875, 3295.265869140625]
[11278.6484375, 18300.380859375, 15238.8828125, 67046.21875, 3295.4560546875]
[11125.048828125, 17926.361328125, 14994.3564453125, 66528.3828125, 3296.728515625]
[10979.1708984375, 17567.310546875, 14740.5283203125, 65705.109375, 3297.9873046875]
[10787.927734375, 17159.1875, 14464.2509765625, 65416.90234375, 3299.68115234375]
[10805.517578125, 17117.80078125, 14406.8681640625, 64711.10546875, 3298.99951171875]
[10727.501953125, 16947.970703125, 14295.7861328125, 64415.51953125, 3299.63671875]
[10565.529296875, 16606.421875, 14070.4267578125, 63983.7421875, 3301.18408203125]
[10531.7080078125, 16507.81640625, 13994.330078125, 63339.6484375, 3301.03466796875]
[10413.2294921875, 16236.076171875, 13800.693359375, 62906.7265625, 3301.874755859375]
[10318.55078125, 16007.064453125, 13642.326171875, 62545.06640625, 3302.47998046875]
[10269.4453125, 15871.3740234375, 13541.724609375, 62107.4609375, 3303.076171875]
[10125.4033203125, 15590.498046875, 13360.8466796875, 62114.46484375, 3304.702392578125]
[10144.70703125, 15570.05859375, 13338.2060546875, 61466.21875, 3304.5009765625]
[10099.185546875, 15475.7783203125, 13276.8095703125, 60949.51953125, 3304.830322265625]
[9899.572265625, 15076.2119140625, 13032.04296875, 60428.63671875, 3305.793701171875]
[9898.6416015625, 15038.3974609375, 12993.6865234375, 59870.0703125, 3305.879638671875]
[9859.5068359375, 14943.8349609375, 12925.255859375, 59646.2890625, 3306.122802734375]
[9671.2841796875, 14543.7509765625, 12641.58203125, 58950.1875, 3307.789794921875]
[9514.115234375, 14187.697265625, 12400.9013671875, 59351.83984375, 3307.937255859375]
[9571.7373046875, 14278.798828125, 12449.8759765625, 58344.50390625, 3307.716796875]
[9468.1982421875, 14149.767578125, 12383.5654296875, 58509.5234375, 3309.611328125]
[9496.677734375, 14147.93359375, 12373.603515625, 57848.390625, 3308.811279296875]
[9466.8046875, 14063.1025390625, 12314.1044921875, 57583.6640625, 3308.768798828125]
[9394.890625, 13899.8818359375, 12204.0234375, 57275.1015625, 3309.2841796875]
[9267.6650390625, 13638.66796875, 12027.611328125, 56765.8984375, 3310.58251953125]
[9104.046875, 13288.6015625, 11798.09765625, 57052.26953125, 3312.605224609375]
[9115.6884765625, 13308.921875, 11791.111328125, 55846.3984375, 3312.4892578125]
[9056.1044921875, 13219.119140625, 11727.2587890625, 55702.04296875, 3313.033447265625]
[9049.9931640625, 13184.966796875, 11692.787109375, 55329.23828125, 3313.04052734375]
[8969.064453125, 13022.8779296875, 11586.623046875, 55078.5234375, 3313.672119140625]
[8792.1181640625, 12677.43359375, 11369.6787109375, 54660.7265625, 3315.265380859375]
[8744.3525390625, 12538.9384765625, 11279.849609375, 54156.3671875, 3315.052001953125]
[8654.2705078125, 12367.2490234375, 11174.9248046875, 53905.5625, 3316.1767578125]
[8599.5078125, 12255.5673828125, 11098.8984375, 53506.58984375, 3316.678466796875]
[8477.2216796875, 12048.5703125, 10967.8720703125, 53360.6640625, 3317.9541015625]
[8465.85546875, 11998.71875, 10913.10546875, 52909.15625, 3317.8935546875]
[8408.6865234375, 11908.8017578125, 10855.8955078125, 52604.58984375, 3318.029052734375]
[8374.8330078125, 11836.0947265625, 10811.36328125, 52358.1171875, 3318.011962890625]
[8329.02734375, 11736.0947265625, 10747.19921875, 52043.0625, 3318.10986328125]
[8191.75244140625, 11437.2080078125, 10563.09765625, 51926.98828125, 3319.11376953125]
[8154.12060546875, 11364.078125, 10509.685546875, 51242.01171875, 3319.236083984375]
[8103.966796875, 11279.2880859375, 10453.640625, 51018.4140625, 3319.85791015625]
[8064.88232421875, 11186.0869140625, 10386.95703125, 50678.34375, 3320.12939453125]
[7866.931640625, 10902.2080078125, 10209.8828125, 51093.65625, 3322.3447265625]
[7936.455078125, 10965.177734375, 10241.28515625, 50249.56640625, 3321.3603515625]
[7910.990234375, 10906.787109375, 10200.7861328125, 50001.72265625, 3321.239501953125]
[7822.32275390625, 10747.705078125, 10093.00390625, 49632.55078125, 3321.743408203125]
[7674.68359375, 10496.927734375, 9929.3828125, 49530.390625, 3322.13916015625]
[7632.0615234375, 10425.255859375, 9878.154296875, 48955.90234375, 3323.01904296875]
[7593.00390625, 10349.3974609375, 9820.0078125, 48538.2421875, 3323.66943359375]
[7494.828125, 10203.4833984375, 9727.71875, 48531.4296875, 3324.8046875]
[7461.751953125, 10132.8466796875, 9671.9228515625, 48203.03515625, 3325.020263671875]
[7380.74169921875, 9998.05078125, 9577.5849609375, 47874.32421875, 3325.4931640625]
[7259.1875, 9791.5634765625, 9428.2861328125, 47492.421875, 3326.267578125]
[7166.49609375, 9654.234375, 9331.4150390625, 47252.265625, 3326.809326171875]
[7187.27001953125, 9664.001953125, 9328.7099609375, 46891.75, 3326.403076171875]
[7094.14013671875, 9532.6064453125, 9237.794921875, 46750.0, 3327.367919921875]
[7086.9853515625, 9511.546875, 9217.47265625, 46481.1015625, 3327.367431640625]
[7016.67138671875, 9392.4833984375, 9133.03125, 46218.0234375, 3327.71044921875]
[6961.3935546875, 9296.8330078125, 9068.751953125, 45996.66015625, 3328.067138671875]
[6835.076171875, 9088.9248046875, 8933.5146484375, 45814.63671875, 3328.44140625]
[6824.6640625, 9051.8759765625, 8905.212890625, 45461.76953125, 3328.497802734375]
[6778.2958984375, 8994.814453125, 8867.74609375, 45362.85546875, 3329.004150390625]
[6767.0380859375, 8968.392578125, 8849.5634765625, 45083.76953125, 3329.055419921875]
[6697.60400390625, 8884.1025390625, 8788.9501953125, 44863.14453125, 3329.7587890625]
[6602.0546875, 8752.8251953125, 8696.1748046875, 44501.1640625, 3331.0234375]
[6541.81689453125, 8627.1767578125, 8613.6044921875, 44333.43359375, 3330.946044921875]
[6507.2587890625, 8562.5205078125, 8571.3291015625, 44057.9921875, 3331.4794921875]
[6468.43505859375, 8477.8896484375, 8516.28125, 43860.98828125, 3331.799560546875]
[6407.130859375, 8381.0634765625, 8454.572265625, 43798.07421875, 3332.264892578125]
[6355.17333984375, 8266.16015625, 8372.091796875, 43587.88671875, 3332.498779296875]
[6236.29638671875, 8105.2685546875, 8280.0751953125, 43560.5234375, 3333.54443359375]
[6245.1513671875, 8108.9189453125, 8278.2900390625, 43120.09375, 3333.35986328125]
[6203.205078125, 8045.74658203125, 8236.0341796875, 42848.578125, 3333.801025390625]
[6156.8671875, 7972.52392578125, 8186.1669921875, 42602.328125, 3334.161376953125]
[6069.02392578125, 7847.9619140625, 8101.611328125, 42371.4296875, 3334.923095703125]
[6008.24951171875, 7753.7041015625, 8030.7109375, 42122.6640625, 3335.4384765625]
[5925.73583984375, 7639.8203125, 7946.08203125, 41883.4609375, 3336.15625]
[5895.86865234375, 7579.9140625, 7895.9521484375, 41593.359375, 3336.41552734375]
[5805.02099609375, 7470.236328125, 7827.99267578125, 41557.07421875, 3337.43505859375]
[5816.419921875, 7452.17822265625, 7809.638671875, 41236.08984375, 3337.206298828125]
[5788.5419921875, 7420.2578125, 7793.64111328125, 40986.42578125, 3337.389404296875]
[5727.81298828125, 7341.267578125, 7751.6669921875, 40811.24609375, 3337.897216796875]
[5695.0966796875, 7280.79736328125, 7718.65576171875, 40617.34765625, 3337.99560546875]
[5596.77490234375, 7123.642578125, 7628.5654296875, 40319.82421875, 3338.801025390625]
[5551.599609375, 7032.96826171875, 7574.36083984375, 40066.75, 3338.88525390625]
[5490.998046875, 6949.11962890625, 7522.23486328125, 39991.77734375, 3339.420654296875]
[5458.65185546875, 6881.9267578125, 7471.73779296875, 39784.31640625, 3339.60693359375]
[5369.91748046875, 6779.92626953125, 7407.62646484375, 39708.6875, 3340.546630859375]
[5368.01953125, 6768.82421875, 7396.32373046875, 39399.93359375, 3340.318359375]
[5338.28076171875, 6724.18212890625, 7364.67041015625, 39162.54296875, 3340.556884765625]
[5297.6630859375, 6658.513671875, 7320.419921875, 38974.16796875, 3340.71826171875]
[5236.2373046875, 6564.0048828125, 7254.08642578125, 38721.6328125, 3341.457763671875]
[5158.5224609375, 6453.30419921875, 7178.22509765625, 38465.69140625, 3342.13720703125]
[5100.39990234375, 6358.83837890625, 7104.5244140625, 38230.43359375, 3342.727294921875]
[5045.73876953125, 6300.02392578125, 7063.89453125, 38047.87890625, 3343.418701171875]
[5073.4970703125, 6324.3056640625, 7075.73583984375, 37791.953125, 3342.844970703125]
[5032.99462890625, 6279.3701171875, 7043.65673828125, 37620.01171875, 3343.1015625]
[4991.73095703125, 6231.64697265625, 7007.02197265625, 37487.41796875, 3343.49853515625]
[4946.1474609375, 6171.744140625, 6960.6015625, 37305.16015625, 3343.761474609375]
[4865.52978515625, 6081.22900390625, 6888.86669921875, 37082.51171875, 3344.6875]
[4797.45068359375, 5972.00341796875, 6808.52294921875, 36905.0859375, 3344.716796875]
[4792.68212890625, 5952.45166015625, 6793.763671875, 36676.94140625, 3344.731689453125]
[4707.05029296875, 5852.96826171875, 6725.63330078125, 36728.375, 3345.6728515625]
[4723.95654296875, 5858.01171875, 6727.59814453125, 36462.58203125, 3345.327392578125]
[4707.0966796875, 5830.7802734375, 6707.28125, 36338.12109375, 3345.297119140625]
[4651.072265625, 5756.23681640625, 6652.40966796875, 36201.984375, 3345.71240234375]
[4593.19873046875, 5680.51953125, 6597.8525390625, 36034.3125, 3346.218994140625]
[4510.658203125, 5580.7724609375, 6523.78662109375, 35841.84375, 3347.338134765625]
[4492.48876953125, 5548.2490234375, 6500.0634765625, 35622.28515625, 3347.51123046875]
[4444.90380859375, 5498.896484375, 6463.1142578125, 35522.36328125, 3348.0947265625]
[4436.07080078125, 5482.93701171875, 6450.0390625, 35286.54296875, 3348.238037109375]
[4400.89892578125, 5441.62744140625, 6418.6474609375, 35132.17578125, 3348.4326171875]
[4347.50537109375, 5370.2900390625, 6365.85888671875, 34896.40625, 3348.69384765625]
[4292.7900390625, 5301.765625, 6312.71923828125, 34759.59765625, 3348.984375]
[4271.05029296875, 5268.029296875, 6286.89111328125, 34578.46875, 3349.107421875]
[4213.3330078125, 5197.48681640625, 6232.44775390625, 34436.5390625, 3349.721923828125]
[4201.958984375, 5169.16455078125, 6205.32275390625, 34289.48828125, 3349.5947265625]
[4120.4404296875, 5084.30078125, 6145.05029296875, 34243.46875, 3350.569580078125]
[4109.775390625, 5069.75, 6134.2060546875, 34040.83203125, 3350.64453125]
[4072.669921875, 5027.15869140625, 6102.34716796875, 33795.1015625, 3350.78271484375]
[4034.3818359375, 4972.81884765625, 6063.9658203125, 33654.08984375, 3351.089599609375]
[4001.293701171875, 4934.74072265625, 6035.53857421875, 33487.15234375, 3351.281982421875]
[3960.3271484375, 4880.38720703125, 5995.3369140625, 33299.90625, 3351.61767578125]
[3900.22900390625, 4822.49560546875, 5954.18603515625, 33277.796875, 3352.203369140625]
[3886.035888671875, 4786.103515625, 5927.3525390625, 33092.66015625, 3352.269775390625]
[3840.8427734375, 4742.42333984375, 5892.84130859375, 32975.16796875, 3353.112548828125]
[3837.28466796875, 4732.2490234375, 5883.7509765625, 32842.953125, 3353.11474609375]
[3810.18212890625, 4698.31640625, 5858.4912109375, 32684.458984375, 3353.41259765625]
[3758.354248046875, 4624.61376953125, 5805.20556640625, 32461.9296875, 3353.68896484375]
[3723.547607421875, 4575.966796875, 5770.81591796875, 32338.638671875, 3354.1796875]
[3694.87109375, 4538.744140625, 5746.4384765625, 32225.162109375, 3354.30029296875]
[3659.63720703125, 4487.23388671875, 5710.92138671875, 32013.640625, 3354.51513671875]
[3576.212158203125, 4406.27099609375, 5659.626953125, 32094.109375, 3355.331787109375]
[3602.43603515625, 4417.50341796875, 5658.22900390625, 31810.806640625, 3354.833984375]
[3593.529296875, 4408.94287109375, 5650.02294921875, 31696.044921875, 3355.129150390625]
[3559.810791015625, 4373.0390625, 5620.39697265625, 31581.126953125, 3355.689697265625]
[3528.388916015625, 4337.72900390625, 5590.322265625, 31466.259765625, 3356.09423828125]
[3478.8896484375, 4270.68359375, 5536.7373046875, 31335.74609375, 3356.678955078125]
[3446.566162109375, 4235.15771484375, 5503.88037109375, 31168.212890625, 3356.89990234375]
[3443.509521484375, 4225.46044921875, 5494.47802734375, 31051.478515625, 3356.751220703125]
[3399.218505859375, 4177.3994140625, 5459.8056640625, 31030.419921875, 3357.174560546875]
[3385.0634765625, 4157.52978515625, 5441.42822265625, 30871.3046875, 3357.2529296875]
[3334.278564453125, 4104.09521484375, 5396.02880859375, 30715.67578125, 3357.932373046875]
[3286.619140625, 4055.19580078125, 5352.92431640625, 30595.34765625, 3358.55908203125]
[3263.3232421875, 4026.501220703125, 5323.4560546875, 30404.443359375, 3358.778564453125]
[3218.31787109375, 3987.093017578125, 5289.7763671875, 30319.123046875, 3359.34423828125]
[3219.66455078125, 3971.66455078125, 5276.02490234375, 30151.9765625, 3359.18310546875]
[3194.3876953125, 3943.53564453125, 5254.75146484375, 30054.130859375, 3359.444580078125]
[3161.2744140625, 3903.03173828125, 5223.4111328125, 29909.37890625, 3359.837890625]
[3142.2998046875, 3877.029052734375, 5201.08251953125, 29787.791015625, 3360.021728515625]
[3108.01708984375, 3831.928955078125, 5161.62939453125, 29643.755859375, 3360.31640625]
[3063.10498046875, 3781.51953125, 5118.392578125, 29522.60546875, 3360.829345703125]
[3046.869140625, 3753.86572265625, 5092.3154296875, 29347.76953125, 3360.663330078125]
[2997.85791015625, 3705.227294921875, 5054.6826171875, 29330.138671875, 3361.2734375]
[3003.333984375, 3704.841064453125, 5052.66455078125, 29156.86328125, 3361.1064453125]
[2989.507080078125, 3688.4306640625, 5037.78759765625, 29039.7421875, 3361.184814453125]
[2943.392822265625, 3638.052978515625, 4992.384765625, 28875.236328125, 3361.823486328125]
[2899.46337890625, 3590.265869140625, 4947.4892578125, 28807.421875, 3361.942626953125]
[2885.687744140625, 3573.461669921875, 4928.7958984375, 28671.244140625, 3362.18896484375]
[2835.75439453125, 3527.237548828125, 4887.3369140625, 28629.86328125, 3362.906982421875]
[2837.128662109375, 3522.8974609375, 4879.68359375, 28497.35546875, 3362.700439453125]
[2812.5185546875, 3500.2626953125, 4859.2802734375, 28400.86328125, 3362.930908203125]
[2749.133056640625, 3448.254150390625, 4812.72314453125, 28263.935546875, 3363.418701171875]
[2748.4169921875, 3441.7294921875, 4807.82080078125, 28132.26953125, 3363.5087890625]
[2743.942626953125, 3434.09033203125, 4801.5986328125, 28062.8671875, 3363.5517578125]
[2709.192626953125, 3398.154296875, 4768.65673828125, 27913.212890625, 3363.94140625]
[2680.288330078125, 3351.179443359375, 4729.357421875, 27820.908203125, 3363.82958984375]
[2644.16943359375, 3321.19677734375, 4700.50048828125, 27737.2421875, 3364.319091796875]
[2640.86474609375, 3312.90625, 4690.765625, 27638.302734375, 3364.408203125]
[2605.2841796875, 3282.5888671875, 4663.1650390625, 27613.197265625, 3364.819580078125]
[2602.00341796875, 3274.86669921875, 4656.99462890625, 27526.47265625, 3364.773193359375]
[2577.434326171875, 3243.42578125, 4629.724609375, 27377.736328125, 3364.968017578125]
[2548.6904296875, 3211.810791015625, 4601.6005859375, 27239.013671875, 3365.36474609375]
[2464.98828125, 3135.449462890625, 4530.99462890625, 27422.740234375, 3366.414794921875]
[2503.480224609375, 3157.3330078125, 4550.79931640625, 26999.705078125, 3365.954833984375]
[2477.978759765625, 3139.42822265625, 4535.3603515625, 26965.515625, 3366.3505859375]
[2473.20458984375, 3133.675537109375, 4529.076171875, 26886.30078125, 3366.38134765625]
[2455.154296875, 3114.35302734375, 4510.9765625, 26820.755859375, 3366.5712890625]
[2431.845703125, 3090.71142578125, 4488.9189453125, 26731.666015625, 3366.8623046875]
[2377.728271484375, 3033.317626953125, 4434.9833984375, 26529.716796875, 3367.412353515625]
[2341.7646484375, 3000.7724609375, 4402.9638671875, 26404.109375, 3368.118896484375]
[2331.97900390625, 2986.71630859375, 4390.8271484375, 26313.1328125, 3368.14892578125]
[2331.62939453125, 2980.928955078125, 4385.751953125, 26230.212890625, 3368.05859375]
[2301.219482421875, 2955.7275390625, 4363.05322265625, 26218.08984375, 3368.525634765625]
[2302.598876953125, 2948.01708984375, 4355.9443359375, 26072.029296875, 3368.301025390625]
[2283.9736328125, 2929.251220703125, 4338.79052734375, 25977.634765625, 3368.496826171875]
[2247.04638671875, 2895.171630859375, 4307.3154296875, 25873.44140625, 3368.933349609375]
[2210.207275390625, 2859.388427734375, 4274.85986328125, 25758.82421875, 3369.37841796875]
[2177.44482421875, 2823.73291015625, 4241.9404296875, 25634.138671875, 3369.703369140625]
[2159.9326171875, 2803.4658203125, 4223.0966796875, 25542.431640625, 3369.931884765625]
[2148.636474609375, 2786.15771484375, 4206.93359375, 25435.767578125, 3370.053955078125]
[2107.034912109375, 2750.673828125, 4173.51806640625, 25420.806640625, 3370.79443359375]
[2119.138427734375, 2749.157470703125, 4170.2939453125, 25291.61328125, 3370.514892578125]
[2103.140869140625, 2736.5927734375, 4158.43017578125, 25179.32421875, 3370.647216796875]
[2081.13623046875, 2719.228759765625, 4142.28173828125, 25143.8515625, 3371.01708984375]
[2065.641357421875, 2704.582763671875, 4127.6123046875, 25075.560546875, 3371.154052734375]
[2023.486083984375, 2660.7265625, 4083.409423828125, 24990.6796875, 3371.867919921875]
[2016.9312744140625, 2649.295166015625, 4071.846435546875, 24876.68359375, 3371.670166015625]
[2004.2288818359375, 2635.943603515625, 4059.047119140625, 24848.48046875, 3371.7763671875]
[1996.5185546875, 2621.818115234375, 4045.870361328125, 24749.26953125, 3371.805419921875]
[1952.644287109375, 2581.286376953125, 4007.964599609375, 24701.05078125, 3372.392578125]
[1955.0428466796875, 2577.179443359375, 4003.92822265625, 24567.8515625, 3372.216796875]
[1943.364501953125, 2565.7978515625, 3992.958984375, 24502.341796875, 3372.393310546875]
[1921.6468505859375, 2543.6591796875, 3969.230712890625, 24405.701171875, 3372.46484375]
[1882.977294921875, 2512.53759765625, 3935.8583984375, 24364.634765625, 3373.081298828125]
[1887.8924560546875, 2511.5390625, 3933.542724609375, 24250.916015625, 3372.8603515625]
[1869.620361328125, 2493.30517578125, 3913.634765625, 24210.517578125, 3372.91748046875]
[1861.8499755859375, 2484.62060546875, 3904.5244140625, 24150.232421875, 3373.046630859375]
[1828.9832763671875, 2452.205078125, 3869.84814453125, 24024.580078125, 3373.527099609375]
[1812.22314453125, 2431.039794921875, 3850.0595703125, 23943.154296875, 3373.757568359375]
[1796.8485107421875, 2417.065673828125, 3834.17431640625, 23865.1640625, 3373.95068359375]
[1786.2889404296875, 2403.41015625, 3820.71923828125, 23770.916015625, 3373.980224609375]
[1761.085693359375, 2384.92529296875, 3799.7265625, 23763.703125, 3374.362060546875]
[1761.9339599609375, 2379.769287109375, 3796.423583984375, 23661.052734375, 3374.31396484375]
[1751.7427978515625, 2368.63232421875, 3785.06103515625, 23590.693359375, 3374.485595703125]
[1729.872802734375, 2345.81298828125, 3761.485107421875, 23506.47265625, 3374.919921875]
[1704.3145751953125, 2319.952880859375, 3735.600830078125, 23441.75, 3375.268798828125]
[1692.312744140625, 2303.58154296875, 3720.201904296875, 23347.927734375, 3375.480712890625]
[1668.3992919921875, 2279.569091796875, 3696.671875, 23299.912109375, 3375.808349609375]
[1670.1495361328125, 2274.61865234375, 3693.486572265625, 23212.9609375, 3375.685546875]
[1654.4151611328125, 2260.815673828125, 3680.13232421875, 23150.646484375, 3375.9541015625]
[1633.992431640625, 2241.6708984375, 3661.503173828125, 23052.154296875, 3376.208740234375]
[1624.065185546875, 2231.873046875, 3651.65625, 22970.86328125, 3376.465087890625]
[1605.205322265625, 2209.72900390625, 3630.339599609375, 22864.666015625, 3376.64599609375]
[1583.24755859375, 2187.973388671875, 3609.19091796875, 22802.8984375, 3377.11328125]
[1575.2266845703125, 2175.93798828125, 3597.81982421875, 22720.37890625, 3377.183349609375]
[1549.0450439453125, 2152.406982421875, 3574.935546875, 22696.4375, 3377.548828125]
[1546.2562255859375, 2145.80810546875, 3568.32421875, 22605.54296875, 3377.48046875]
[1533.38818359375, 2133.139404296875, 3555.005126953125, 22527.189453125, 3377.69384765625]
[1513.3504638671875, 2114.331787109375, 3534.150390625, 22440.94140625, 3378.050537109375]
[1500.961669921875, 2098.9755859375, 3518.15576171875, 22347.576171875, 3378.3662109375]
[1484.9052734375, 2083.98974609375, 3501.58203125, 22276.875, 3378.78125]
[1471.3331298828125, 2061.42236328125, 3481.351318359375, 22186.138671875, 3378.96337890625]
[1450.6632080078125, 2043.9586181640625, 3461.574951171875, 22132.6484375, 3379.477294921875]
[1450.302734375, 2040.2352294921875, 3457.544921875, 22062.7265625, 3379.43994140625]
[1425.3477783203125, 2018.218505859375, 3435.1025390625, 22051.541015625, 3379.81201171875]
[1427.9090576171875, 2017.7135009765625, 3435.2578125, 21972.271484375, 3379.71435546875]
[1417.2227783203125, 2005.149658203125, 3423.1728515625, 21877.615234375, 3379.9287109375]
[1400.631103515625, 1986.8138427734375, 3405.279052734375, 21794.3125, 3380.181884765625]
[1367.177001953125, 1953.9136962890625, 3371.75439453125, 21743.072265625, 3380.89013671875]
[1364.4796142578125, 1949.216796875, 3367.032958984375, 21656.8671875, 3380.78564453125]
[1358.5845947265625, 1943.083740234375, 3360.0439453125, 21601.3046875, 3380.82861328125]
[1345.5582275390625, 1929.900634765625, 3344.56884765625, 21505.12890625, 3380.9775390625]
[1316.2900390625, 1903.9346923828125, 3315.407470703125, 21472.34375, 3381.664306640625]
[1322.4842529296875, 1904.8841552734375, 3314.481689453125, 21366.673828125, 3381.413818359375]
[1304.2744140625, 1889.6759033203125, 3298.35693359375, 21355.908203125, 3381.72314453125]
[1305.4610595703125, 1889.547607421875, 3297.68994140625, 21295.810546875, 3381.73486328125]
[1299.262939453125, 1882.605712890625, 3289.93798828125, 21252.73046875, 3381.900390625]
[1289.545654296875, 1872.6986083984375, 3278.86572265625, 21205.5234375, 3382.080322265625]
[1266.9365234375, 1851.1795654296875, 3255.105224609375, 21119.197265625, 3382.5673828125]
[1239.4378662109375, 1827.8408203125, 3228.76318359375, 21091.51171875, 3382.86962890625]
[1246.1190185546875, 1830.4730224609375, 3230.8037109375, 20999.427734375, 3382.72314453125]
[1234.3380126953125, 1822.02392578125, 3222.287109375, 20971.234375, 3383.115478515625]
[1233.489501953125, 1820.4736328125, 3220.16748046875, 20925.529296875, 3383.0712890625]
[1224.3646240234375, 1811.97021484375, 3209.948974609375, 20878.400390625, 3383.25830078125]
[1215.1436767578125, 1802.6767578125, 3199.004150390625, 20836.470703125, 3383.49951171875]
[1194.903076171875, 1782.4141845703125, 3175.35888671875, 20753.177734375, 3384.049072265625]
[1176.4906005859375, 1764.788330078125, 3154.417724609375, 20703.71484375, 3384.50732421875]
[1171.9822998046875, 1756.855224609375, 3146.04833984375, 20627.65625, 3384.59716796875]
[1161.3890380859375, 1747.8309326171875, 3136.331298828125, 20588.79296875, 3384.79931640625]
[1164.6998291015625, 1745.977294921875, 3135.47900390625, 20527.19921875, 3384.554931640625]
[1152.298095703125, 1737.1641845703125, 3126.078125, 20480.841796875, 3384.811767578125]
[1139.9779052734375, 1728.0731201171875, 3115.63232421875, 20431.744140625, 3385.0234375]
[1133.9227294921875, 1721.2574462890625, 3108.148193359375, 20378.18359375, 3385.1064453125]
[1116.3284912109375, 1702.939697265625, 3086.759033203125, 20302.294921875, 3385.30029296875]
[1098.7529296875, 1682.0238037109375, 3065.052978515625, 20282.322265625, 3385.69921875]
[1102.7569580078125, 1682.6575927734375, 3065.129638671875, 20200.931640625, 3385.49609375]
[1092.9119873046875, 1674.6900634765625, 3055.449951171875, 20179.587890625, 3385.696533203125]
[1091.6373291015625, 1671.269775390625, 3051.785400390625, 20130.7890625, 3385.716796875]
[1077.326904296875, 1655.141845703125, 3035.2890625, 20047.23046875, 3386.0263671875]
[1062.5233154296875, 1640.417724609375, 3018.910400390625, 19990.482421875, 3386.380615234375]
[1053.046142578125, 1630.1656494140625, 3008.609375, 19942.01953125, 3386.48193359375]
[1043.7259521484375, 1621.25390625, 2998.714111328125, 19896.80859375, 3386.603271484375]
[1032.592529296875, 1609.6124267578125, 2985.547607421875, 19833.53515625, 3386.748046875]
[1013.7955932617188, 1595.213134765625, 2967.35205078125, 19802.166015625, 3387.1396484375]
[1014.5646362304688, 1591.07568359375, 2963.125244140625, 19717.236328125, 3387.078369140625]
[1002.8008422851562, 1582.682861328125, 2952.962646484375, 19720.107421875, 3387.4140625]
[1010.5221557617188, 1585.25830078125, 2955.898681640625, 19644.8984375, 3387.198486328125]
[1006.723876953125, 1581.8123779296875, 2951.8876953125, 19607.0703125, 3387.328369140625]
[992.8605346679688, 1569.89453125, 2938.166259765625, 19554.88671875, 3387.6953125]
[982.260009765625, 1560.3115234375, 2926.900634765625, 19501.4921875, 3387.89208984375]
[959.243896484375, 1536.6883544921875, 2899.0654296875, 19425.609375, 3388.276123046875]
[951.396240234375, 1527.4842529296875, 2888.085205078125, 19341.9921875, 3388.353759765625]
[948.6809692382812, 1522.53369140625, 2882.582763671875, 19293.921875, 3388.326904296875]
[939.05908203125, 1511.95263671875, 2869.45361328125, 19233.56640625, 3388.50537109375]
[933.010498046875, 1501.7587890625, 2856.458740234375, 19186.50390625, 3388.445556640625]
Iteration: 505, loss: 27866.177734
[921.1237182617188, 1491.9263916015625, 2844.3701171875, 19135.8125, 3388.841552734375]
[918.7001342773438, 1487.387451171875, 2837.93505859375, 19100.61328125, 3388.998779296875]
[903.0984497070312, 1478.0753173828125, 2825.834716796875, 19073.130859375, 3389.403564453125]
[908.448974609375, 1481.1065673828125, 2830.080810546875, 19023.380859375, 3389.219970703125]
[908.12744140625, 1479.231689453125, 2827.85595703125, 18960.115234375, 3389.172119140625]
[899.4851684570312, 1469.566162109375, 2815.54541015625, 18895.0859375, 3389.322998046875]
[885.392333984375, 1454.63134765625, 2796.703125, 18890.125, 3389.623291015625]
[877.5262451171875, 1448.4483642578125, 2788.23291015625, 18833.96875, 3389.88818359375]
[873.0518798828125, 1443.40966796875, 2781.468505859375, 18787.533203125, 3390.04052734375]
[862.6904907226562, 1433.6630859375, 2768.99853515625, 18762.974609375, 3390.33447265625]
[857.8964233398438, 1426.416748046875, 2759.81103515625, 18696.931640625, 3390.38525390625]
[841.5465087890625, 1411.131591796875, 2740.307861328125, 18643.630859375, 3390.758544921875]
[838.995849609375, 1406.370361328125, 2734.718017578125, 18583.37109375, 3390.722900390625]
[829.6801147460938, 1397.7685546875, 2723.89111328125, 18539.64453125, 3390.8310546875]
[823.11376953125, 1390.4447021484375, 2715.725830078125, 18484.328125, 3390.978515625]
[813.2838134765625, 1381.3621826171875, 2704.760009765625, 18444.734375, 3391.16015625]
/usr/local/lib/python3.6/dist-packages/torchvision/transforms/transforms.py:220: UserWarning: The use of the transforms.Scale transform is deprecated, please use transforms.Resize instead.
  "please use transforms.Resize instead.")
HR iterations
[5823.38232421875, 1581018.25, 606194.3125, 44151184.0, 2438.250244140625]
[5823.38232421875, 1581018.25, 606194.3125, 44151176.0, 2438.250244140625]
[5802.26171875, 1573318.625, 589580.4375, 41239356.0, 2441.102294921875]
[4590.09716796875, 1122384.0, 350743.71875, 16746057.0, 2661.5009765625]
[4527.06982421875, 1108046.125, 277381.21875, 4280360.5, 2648.644287109375]
[4494.0166015625, 1093787.875, 271232.0, 3003181.0, 2647.096435546875]
[4315.3603515625, 1026727.5625, 248311.0, 1714841.625, 2662.403564453125]
[4068.62353515625, 938193.75, 220992.609375, 1030624.75, 2683.9697265625]
[3619.4775390625, 777130.25, 184933.5, 632250.6875, 2719.54931640625]
[3324.266845703125, 681189.9375, 165191.59375, 699961.125, 2713.44580078125]
[3355.08251953125, 689439.625, 166016.515625, 463745.0, 2719.696044921875]
[3312.52099609375, 674185.75, 162384.609375, 396662.15625, 2721.615478515625]
[3159.022705078125, 621426.0625, 150185.171875, 333816.09375, 2723.664306640625]
[2897.438232421875, 532876.25, 129691.1328125, 280324.15625, 2725.537353515625]
[2355.92578125, 359626.09375, 92414.625, 276201.40625, 2722.166259765625]
[1946.560546875, 236022.46875, 71488.140625, 339450.59375, 2730.267333984375]
[1977.17431640625, 245568.25, 71492.203125, 256686.0, 2725.645263671875]
[1911.872314453125, 227505.78125, 67623.84375, 235540.34375, 2724.41943359375]
[1776.5738525390625, 190571.75, 60936.10546875, 221244.234375, 2725.111083984375]
[1547.2186279296875, 131879.609375, 52282.55859375, 204113.375, 2730.37744140625]
[1324.10693359375, 82879.984375, 45897.54296875, 197981.265625, 2732.042236328125]
[1229.016357421875, 65296.578125, 44334.59765625, 175286.6875, 2736.88671875]
[1261.8831787109375, 71047.578125, 43287.453125, 143825.859375, 2732.6435546875]
[1182.1982421875, 57475.37109375, 42179.8515625, 134525.625, 2732.149658203125]
[1152.4268798828125, 52748.609375, 40296.51171875, 122472.4453125, 2730.2392578125]
[1069.087646484375, 41547.34765625, 37479.31640625, 110561.84375, 2729.42724609375]
[1032.1817626953125, 36529.1640625, 34123.27734375, 108941.1875, 2725.076416015625]
[1046.401123046875, 37830.1875, 33931.47265625, 94534.2578125, 2726.235107421875]
[1040.844970703125, 37156.4609375, 33741.09765625, 88304.8203125, 2728.081298828125]
[1037.513916015625, 36325.72265625, 32726.21484375, 81711.5625, 2729.4453125]
[1005.135986328125, 32300.669921875, 30792.57421875, 74733.234375, 2730.032470703125]
[964.92724609375, 26698.716796875, 26659.591796875, 81269.5078125, 2731.416259765625]
[954.7285766601562, 25851.59765625, 26302.7578125, 68099.625, 2728.048828125]
[947.4068603515625, 25197.517578125, 25888.607421875, 65481.30078125, 2726.571533203125]
[922.8529663085938, 22972.30859375, 24446.921875, 62898.58984375, 2724.912109375]
[900.0388793945312, 20208.298828125, 22071.3203125, 59249.125, 2723.871826171875]
[856.55712890625, 16369.203125, 19174.76953125, 60933.51171875, 2726.359130859375]
[877.4951171875, 16243.5, 18630.875, 55667.55078125, 2725.70166015625]
[875.478515625, 15647.796875, 18070.201171875, 53867.85546875, 2726.125732421875]
[880.7044677734375, 14682.142578125, 16817.263671875, 52189.19921875, 2726.556884765625]
[868.3468017578125, 12088.9736328125, 14482.97265625, 49652.6875, 2726.3427734375]
[859.4924926757812, 10469.2021484375, 13058.1376953125, 47357.359375, 2726.006103515625]
[856.4743041992188, 10307.0224609375, 12958.73046875, 45091.7578125, 2725.18115234375]
[840.1085205078125, 9125.5263671875, 12354.916015625, 43525.84765625, 2724.429931640625]
[826.4143676757812, 8229.140625, 11648.8974609375, 41764.8984375, 2725.570556640625]
[819.6278686523438, 7074.1748046875, 10709.39453125, 40879.24609375, 2724.833984375]
[821.385986328125, 6633.52392578125, 10195.0322265625, 39536.578125, 2724.47509765625]
[823.543701171875, 6058.77294921875, 9479.306640625, 37943.54296875, 2724.20556640625]
[826.2405395507812, 5851.1640625, 8923.4541015625, 36653.66015625, 2723.43359375]
[823.9521484375, 5691.74365234375, 8760.2578125, 35411.50390625, 2723.048095703125]
[821.1254272460938, 5581.81005859375, 8615.7431640625, 34281.30859375, 2722.73681640625]
[817.724365234375, 5451.6669921875, 8444.28515625, 33343.7265625, 2722.912841796875]
[819.64599609375, 5257.52587890625, 7871.66015625, 32288.20703125, 2722.738037109375]
[815.8230590820312, 4995.73779296875, 7459.03515625, 31493.7265625, 2723.931640625]
[818.1485595703125, 5011.99267578125, 7420.67626953125, 30388.755859375, 2723.653564453125]
[821.9436645507812, 4972.046875, 7142.8681640625, 29649.814453125, 2723.22607421875]
[822.0361328125, 4881.748046875, 6850.20849609375, 28932.369140625, 2722.905517578125]
[820.465576171875, 4677.6123046875, 6283.84765625, 28231.796875, 2722.407470703125]
[817.2734375, 4505.80029296875, 6000.72802734375, 27547.8125, 2722.127685546875]
[810.6356811523438, 4297.4462890625, 5769.18310546875, 26965.31640625, 2722.138671875]
[806.3547973632812, 4180.013671875, 5634.18212890625, 26205.806640625, 2722.2763671875]
[803.2925415039062, 4098.2275390625, 5507.2431640625, 25470.73046875, 2722.394287109375]
[798.728759765625, 3934.596923828125, 5199.47509765625, 25003.583984375, 2723.008056640625]
[798.6010131835938, 3858.2822265625, 5048.5068359375, 24175.203125, 2722.818115234375]
[798.4840087890625, 3768.872314453125, 4842.3671875, 23669.4375, 2722.591064453125]
[797.1536865234375, 3675.631103515625, 4643.93798828125, 23261.515625, 2722.470458984375]
[790.1099243164062, 3438.93896484375, 4312.302734375, 22982.7734375, 2721.9697265625]
[788.6176147460938, 3364.544189453125, 4210.96435546875, 21983.765625, 2721.966796875]
[784.0410766601562, 3269.73583984375, 4097.6962890625, 21964.759765625, 2722.323974609375]
[783.4020385742188, 3235.3486328125, 4103.03955078125, 21399.033203125, 2721.92431640625]
[782.01318359375, 3199.990966796875, 4075.19921875, 21143.8515625, 2721.794677734375]
[777.2283325195312, 3093.5439453125, 3968.9970703125, 20642.13671875, 2721.583251953125]
[773.3453979492188, 2984.33203125, 3845.263916015625, 20192.267578125, 2721.43603515625]
[765.0452880859375, 2753.17041015625, 3593.864501953125, 19881.0546875, 2721.39306640625]
[764.8763427734375, 2690.9169921875, 3532.239990234375, 19342.30078125, 2721.10498046875]
[763.9585571289062, 2654.8505859375, 3496.78955078125, 19070.46875, 2721.07861328125]
[759.973388671875, 2558.795654296875, 3411.3798828125, 18723.0390625, 2721.05712890625]
[755.5254516601562, 2443.082275390625, 3301.382080078125, 18311.095703125, 2720.65087890625]
[750.8381958007812, 2342.855224609375, 3224.6337890625, 18011.033203125, 2720.65966796875]
[749.463134765625, 2274.778076171875, 3155.60009765625, 17769.7265625, 2720.40234375]
[745.8805541992188, 2204.259521484375, 3095.60595703125, 17672.826171875, 2720.35546875]
[745.7750854492188, 2194.056884765625, 3080.89892578125, 17450.234375, 2720.2734375]
[743.552001953125, 2134.30859375, 3015.2587890625, 16959.640625, 2719.997802734375]
[739.81591796875, 2068.002685546875, 2944.750244140625, 16603.875, 2719.87890625]
[736.0120849609375, 1987.1685791015625, 2860.827880859375, 16261.896484375, 2719.571533203125]
[733.1102294921875, 1936.0220947265625, 2808.3662109375, 15984.2861328125, 2719.367919921875]
[727.9703369140625, 1875.0684814453125, 2742.064697265625, 15657.39453125, 2719.186767578125]
[723.8390502929688, 1836.423583984375, 2688.532958984375, 15428.8349609375, 2718.9140625]
[723.0538330078125, 1826.798828125, 2668.352783203125, 15131.69140625, 2718.777099609375]
[718.878662109375, 1798.9141845703125, 2626.492919921875, 15013.916015625, 2718.755126953125]
[720.8653564453125, 1789.0941162109375, 2601.837158203125, 14855.955078125, 2718.452392578125]
[719.56201171875, 1778.041748046875, 2588.30029296875, 14658.15234375, 2718.4580078125]
[715.8271484375, 1745.7191162109375, 2539.10888671875, 14367.7529296875, 2718.303955078125]
[714.91796875, 1731.344482421875, 2513.90576171875, 14210.9990234375, 2718.143798828125]
[711.9335327148438, 1698.3692626953125, 2452.990966796875, 13918.1845703125, 2717.926025390625]
[710.310791015625, 1678.9476318359375, 2411.373291015625, 13691.9287109375, 2717.717529296875]
[709.0301513671875, 1667.00244140625, 2387.859375, 13543.3486328125, 2717.6982421875]
[705.13232421875, 1641.7384033203125, 2337.293212890625, 13295.546875, 2717.595703125]
[703.779052734375, 1617.42236328125, 2300.272216796875, 13143.10546875, 2717.718017578125]
[702.1535034179688, 1616.6875, 2290.6630859375, 12997.9267578125, 2717.639892578125]
[701.9515991210938, 1609.529541015625, 2280.42822265625, 12832.5263671875, 2717.334228515625]
[699.0984497070312, 1602.46435546875, 2258.92919921875, 12731.8447265625, 2717.392822265625]
[697.9052124023438, 1584.239990234375, 2234.827880859375, 12582.953125, 2717.355712890625]
[695.4717407226562, 1545.904052734375, 2187.634033203125, 12380.00390625, 2717.284423828125]
[692.6810302734375, 1507.6142578125, 2140.79296875, 12161.818359375, 2717.239990234375]
[688.7156372070312, 1435.361083984375, 2064.9609375, 12128.0439453125, 2716.920654296875]
[689.3511962890625, 1435.7623291015625, 2059.157958984375, 11791.64453125, 2717.04443359375]
[687.4707641601562, 1436.765869140625, 2050.162353515625, 11703.6064453125, 2717.1982421875]
[687.9591064453125, 1433.0604248046875, 2043.353515625, 11584.3388671875, 2717.127197265625]
[686.794921875, 1416.94384765625, 2021.03662109375, 11466.125, 2717.127685546875]
[684.9590454101562, 1395.4215087890625, 1997.3709716796875, 11332.0703125, 2717.27392578125]
[683.265380859375, 1373.5443115234375, 1976.66259765625, 11202.2509765625, 2717.34326171875]
[681.0914916992188, 1353.6243896484375, 1956.194580078125, 11061.189453125, 2717.587646484375]
[678.7451171875, 1334.26904296875, 1932.6689453125, 10927.423828125, 2717.40087890625]
[678.22119140625, 1327.8570556640625, 1916.844482421875, 10810.2783203125, 2717.462890625]
[675.906982421875, 1319.366943359375, 1893.3131103515625, 10720.6279296875, 2717.5537109375]
[676.4258422851562, 1316.364013671875, 1871.043701171875, 10608.9892578125, 2717.28515625]
[675.0835571289062, 1309.405517578125, 1852.759033203125, 10484.1015625, 2717.260986328125]
[672.2683715820312, 1292.755859375, 1818.67626953125, 10299.87109375, 2717.323974609375]
[671.2249755859375, 1281.9696044921875, 1797.7401123046875, 10173.09375, 2717.260009765625]
[667.1029052734375, 1259.0155029296875, 1754.7449951171875, 10059.841796875, 2717.481201171875]
[667.4193725585938, 1254.5748291015625, 1742.6036376953125, 9913.31640625, 2717.240966796875]
[666.615966796875, 1251.7760009765625, 1733.447265625, 9850.087890625, 2717.234130859375]
[665.5812377929688, 1244.1680908203125, 1710.6055908203125, 9730.4453125, 2717.0634765625]
[661.8623657226562, 1233.16162109375, 1676.26513671875, 9649.6259765625, 2717.167236328125]
[661.3955688476562, 1222.2843017578125, 1658.0357666015625, 9542.400390625, 2716.997802734375]
[659.5205078125, 1208.047607421875, 1631.401123046875, 9453.0166015625, 2716.7216796875]
[658.9139404296875, 1197.6558837890625, 1618.4481201171875, 9376.87890625, 2716.67626953125]
[657.1947631835938, 1184.9324951171875, 1599.4190673828125, 9276.1201171875, 2716.613037109375]
[654.4610595703125, 1166.346923828125, 1572.5943603515625, 9131.30078125, 2716.46630859375]
[651.4131469726562, 1148.8345947265625, 1548.53369140625, 9035.978515625, 2716.453857421875]
[650.9070434570312, 1142.527099609375, 1541.235595703125, 8954.7001953125, 2716.34326171875]
[647.202880859375, 1126.2177734375, 1516.6605224609375, 8906.888671875, 2716.37353515625]
[647.8587036132812, 1122.906494140625, 1512.8826904296875, 8807.4599609375, 2716.25390625]
[647.1304321289062, 1115.974853515625, 1503.90869140625, 8747.1455078125, 2716.205078125]
[643.9003295898438, 1093.9088134765625, 1476.3800048828125, 8597.9287109375, 2716.0732421875]
[640.1875, 1074.1021728515625, 1454.40673828125, 8547.5908203125, 2716.1142578125]
[640.4202880859375, 1072.1856689453125, 1452.509033203125, 8462.8466796875, 2716.04248046875]
[639.3909301757812, 1067.357666015625, 1447.74462890625, 8426.529296875, 2716.037353515625]
[638.8450927734375, 1063.0263671875, 1443.4730224609375, 8380.1025390625, 2716.0224609375]
[635.7343139648438, 1047.6744384765625, 1428.8577880859375, 8309.6845703125, 2716.097412109375]
[634.2193603515625, 1037.04931640625, 1417.348388671875, 8207.7509765625, 2716.084716796875]
[631.8020629882812, 1023.7779541015625, 1402.6158447265625, 8118.10400390625, 2716.142333984375]
[629.58935546875, 1011.5675659179688, 1387.0372314453125, 8029.63916015625, 2715.960693359375]
[628.6633911132812, 1003.72802734375, 1376.7322998046875, 7952.09228515625, 2715.956787109375]
[626.4044189453125, 992.3280639648438, 1366.52587890625, 7892.26318359375, 2715.963623046875]
[625.8834838867188, 985.680908203125, 1358.1513671875, 7818.291015625, 2715.825439453125]
[623.3584594726562, 975.2056884765625, 1348.25732421875, 7757.92578125, 2715.802734375]
[621.3934326171875, 966.14599609375, 1337.427734375, 7673.60791015625, 2715.816162109375]
[619.3660888671875, 954.1353759765625, 1323.0433349609375, 7588.009765625, 2715.71337890625]
[616.9081420898438, 941.8244018554688, 1307.04052734375, 7507.615234375, 2715.724853515625]
[615.3272705078125, 932.4096069335938, 1295.7735595703125, 7447.9990234375, 2715.64990234375]
[613.1195068359375, 919.9409790039062, 1280.7681884765625, 7373.7490234375, 2715.5634765625]
[610.36962890625, 907.886962890625, 1266.919921875, 7320.4765625, 2715.505126953125]
[610.8330688476562, 905.8313598632812, 1262.206787109375, 7272.20068359375, 2715.418212890625]
[607.701171875, 895.70068359375, 1251.9658203125, 7226.8779296875, 2715.538818359375]
[608.054443359375, 896.8147583007812, 1252.509765625, 7179.54541015625, 2715.522216796875]
[607.321044921875, 894.0643310546875, 1247.46044921875, 7111.54296875, 2715.475341796875]
[605.026123046875, 885.6948852539062, 1234.947265625, 7028.71435546875, 2715.4111328125]
[601.3356323242188, 872.4861450195312, 1216.9957275390625, 6965.02099609375, 2715.24560546875]
[599.7633666992188, 866.5568237304688, 1208.7889404296875, 6923.5078125, 2715.217041015625]
[598.09130859375, 860.654541015625, 1200.8135986328125, 6888.91796875, 2715.17578125]
[595.2586669921875, 852.115234375, 1188.74365234375, 6818.798828125, 2715.16162109375]
[590.1346435546875, 836.766357421875, 1167.517333984375, 6791.18994140625, 2714.8935546875]
[591.1248168945312, 836.8093872070312, 1167.0050048828125, 6700.65869140625, 2714.9580078125]
[588.107177734375, 832.8251342773438, 1163.258056640625, 6712.5732421875, 2715.1533203125]
[589.9302978515625, 833.2032470703125, 1163.2783203125, 6641.818359375, 2714.9873046875]
[589.8004760742188, 831.1222534179688, 1160.1982421875, 6611.41015625, 2714.926025390625]
[588.4774169921875, 824.6036376953125, 1150.7825927734375, 6554.947265625, 2714.787109375]
[585.9686889648438, 816.0855712890625, 1138.7684326171875, 6519.35205078125, 2714.8095703125]
[584.1659545898438, 810.6846923828125, 1131.559814453125, 6474.9736328125, 2714.73681640625]
[582.3939819335938, 805.0407104492188, 1124.7083740234375, 6423.0166015625, 2714.677734375]
[580.4476928710938, 799.428955078125, 1118.02978515625, 6381.46044921875, 2714.6328125]
[577.62646484375, 791.6107177734375, 1108.356689453125, 6344.05224609375, 2714.6103515625]
[576.4305419921875, 787.8746948242188, 1103.39306640625, 6303.16357421875, 2714.5712890625]
[574.8532104492188, 783.2725830078125, 1097.362548828125, 6278.083984375, 2714.542236328125]
[573.7245483398438, 778.6586303710938, 1090.8544921875, 6244.45751953125, 2714.480224609375]
[567.8948974609375, 766.6876220703125, 1076.6934814453125, 6235.9775390625, 2714.455078125]
[569.3278198242188, 766.688232421875, 1075.4586181640625, 6165.37744140625, 2714.38623046875]
[568.7186889648438, 764.9152221679688, 1073.2305908203125, 6134.845703125, 2714.364990234375]
[566.9369506835938, 760.3070678710938, 1067.5458984375, 6083.60595703125, 2714.324951171875]
[564.6583251953125, 754.66259765625, 1060.2244873046875, 6041.69189453125, 2714.303466796875]
[562.2825927734375, 747.2381591796875, 1051.331787109375, 5995.94287109375, 2714.228271484375]
[560.7680053710938, 741.2954711914062, 1043.792724609375, 5951.11279296875, 2714.1884765625]
[558.329833984375, 733.0542602539062, 1033.52978515625, 5913.46630859375, 2714.08544921875]
[555.8793334960938, 726.5427856445312, 1024.7425537109375, 5876.2783203125, 2714.075439453125]
[555.3338623046875, 723.4271850585938, 1019.9202270507812, 5834.66552734375, 2713.963134765625]
[550.0617065429688, 712.7091674804688, 1006.255126953125, 5812.54296875, 2713.86572265625]
[550.9794311523438, 712.3056640625, 1005.1399536132812, 5765.07958984375, 2713.825927734375]
[550.1407470703125, 709.6078491210938, 1001.91357421875, 5736.349609375, 2713.75146484375]
[546.8744506835938, 701.542236328125, 992.2421875, 5693.92724609375, 2713.69921875]
[544.8672485351562, 696.04638671875, 985.127197265625, 5659.23291015625, 2713.5693359375]
[542.3709716796875, 689.6219482421875, 976.8326416015625, 5623.0048828125, 2713.53515625]
[539.7860717773438, 681.5997314453125, 966.5501098632812, 5571.69873046875, 2713.462646484375]
[536.99072265625, 673.9049072265625, 957.182861328125, 5527.0126953125, 2713.31982421875]
[536.3806762695312, 671.8759155273438, 954.950439453125, 5493.39697265625, 2713.3310546875]
[534.6524047851562, 667.554443359375, 949.93310546875, 5452.521484375, 2713.267822265625]
[532.6102905273438, 661.6571044921875, 943.1989135742188, 5414.67431640625, 2713.24365234375]
[528.5908203125, 654.2103271484375, 933.9412841796875, 5383.7109375, 2713.2001953125]
[529.2409057617188, 652.0245971679688, 932.1171264648438, 5371.7548828125, 2713.019287109375]
[527.5164794921875, 649.9758911132812, 929.133056640625, 5338.03955078125, 2713.0625]
[526.7338256835938, 648.4185180664062, 927.3766479492188, 5325.4365234375, 2713.06787109375]
[524.7794799804688, 643.871337890625, 922.6537475585938, 5295.919921875, 2713.0458984375]
[522.2578735351562, 637.3994140625, 916.0858154296875, 5257.28759765625, 2712.9931640625]
[519.09326171875, 629.6056518554688, 907.94482421875, 5217.93896484375, 2712.879638671875]
[517.5196533203125, 625.1256713867188, 903.1555786132812, 5188.87548828125, 2712.798583984375]
[515.3294677734375, 620.5589599609375, 897.8452758789062, 5171.05322265625, 2712.732421875]
[514.1820678710938, 616.8912353515625, 893.4012451171875, 5137.8271484375, 2712.658935546875]
[508.7035827636719, 607.8232421875, 882.4573364257812, 5120.94189453125, 2712.580810546875]
[509.3858337402344, 607.7918701171875, 882.3510131835938, 5080.42919921875, 2712.550048828125]
[508.5274658203125, 605.7107543945312, 879.8199462890625, 5049.5927734375, 2712.535888671875]
[506.4713439941406, 601.3624877929688, 874.7507934570312, 5013.35205078125, 2712.441162109375]
[502.93701171875, 594.2809448242188, 866.8284301757812, 4984.57470703125, 2712.425048828125]
[501.50872802734375, 591.5441284179688, 863.4398193359375, 4959.0205078125, 2712.341064453125]
[500.1694641113281, 588.6171264648438, 860.0725708007812, 4935.716796875, 2712.265625]
[497.598876953125, 584.3065185546875, 854.7781372070312, 4913.54931640625, 2712.222412109375]
[495.1818542480469, 578.0433349609375, 847.6840209960938, 4871.654296875, 2712.07373046875]
[490.9243469238281, 571.6161499023438, 839.2015991210938, 4845.63525390625, 2712.06396484375]
[491.608642578125, 571.3624877929688, 838.0274658203125, 4815.53076171875, 2712.056396484375]
[489.744873046875, 568.2907104492188, 833.688720703125, 4793.46826171875, 2712.0009765625]
