
[769869.5, 32034472.0, 11767164.0, 460315488.0, 0.0]
[769869.5, 32034472.0, 11767164.0, 460315424.0, 3.020815542154054e-10]
[769866.8125, 32033356.0, 11766129.0, 460203200.0, 0.0001595559879206121]
[767669.125, 31199546.0, 11104389.0, 395520000.0, 45.35183334350586]
[731523.8125, 19772770.0, 6197620.5, 154374560.0, 945.2793579101562]
[704928.75, 12791868.0, 4099539.0, 103611728.0, 1343.6572265625]
[697440.0, 11233477.0, 3442057.5, 60897900.0, 1472.218994140625]
[687950.625, 9810337.0, 3039729.0, 44311960.0, 1558.4910888671875]
[676532.125, 8248221.5, 2561774.5, 33615100.0, 1697.2755126953125]
[661506.5625, 6716206.5, 2185876.0, 24051256.0, 1797.4716796875]
[642204.125, 5263966.0, 1820817.625, 17510386.0, 1978.816650390625]
[622033.375, 4569386.5, 1597110.875, 12381734.0, 2038.3355712890625]
[611663.6875, 4308885.5, 1499416.5, 10050866.0, 2127.588623046875]
[603289.4375, 4191405.25, 1430534.125, 8752113.0, 2160.11083984375]
[587110.875, 4003452.75, 1326137.75, 7100216.0, 2240.705078125]
[563873.375, 3798054.75, 1203615.0, 6023230.5, 2299.3056640625]
[544525.875, 3820320.25, 1192342.75, 5605843.5, 2402.69287109375]
[551416.4375, 3688310.0, 1138948.5, 4879316.5, 2322.62158203125]
[544834.75, 3629579.75, 1097350.0, 4389825.0, 2346.326416015625]
[532841.875, 3505693.0, 1032785.125, 3850607.0, 2362.016845703125]
[497240.125, 3178875.0, 879754.125, 3378870.0, 2435.2744140625]
[498573.75, 3138155.5, 849367.4375, 2923367.5, 2383.8720703125]
[490711.75, 3067007.25, 811389.0625, 2724339.75, 2398.8125]
[471018.25, 2894335.5, 733013.875, 2624775.5, 2427.8037109375]
[458267.53125, 2782518.25, 680067.25, 2432451.75, 2436.508056640625]
[424072.3125, 2495802.25, 566136.375, 2358586.5, 2461.067626953125]
[419012.90625, 2445337.75, 528078.9375, 2123510.0, 2460.6435546875]
[408399.3125, 2360205.5, 502082.28125, 1973593.625, 2482.23291015625]
[392279.40625, 2234413.5, 465140.5625, 1909273.0, 2502.91943359375]
[386227.15625, 2184926.0, 446678.9375, 1761503.875, 2513.43310546875]
[360318.6875, 1989291.125, 390206.53125, 1601419.375, 2558.205322265625]
[345059.40625, 1858572.875, 355043.9375, 1740339.125, 2555.70166015625]
[321544.71875, 1703487.5, 329675.40625, 1534293.125, 2597.5810546875]
[323929.875, 1712669.125, 324693.375, 1383868.75, 2588.921630859375]
[312446.25, 1633660.5, 311792.90625, 1323764.75, 2599.160888671875]
[289354.9375, 1478523.25, 287630.09375, 1245915.75, 2624.248779296875]
[283928.75, 1436073.0, 273562.59375, 1138206.125, 2624.711669921875]
[257157.78125, 1274594.875, 261883.84375, 1166564.0, 2661.26904296875]
[255647.84375, 1254146.875, 246436.953125, 1050918.25, 2659.70263671875]
[247050.640625, 1202645.125, 241246.5625, 1005103.0, 2662.414794921875]
[223480.5, 1081970.0, 238641.015625, 1029631.6875, 2689.728515625]
[217195.734375, 1035360.625, 223489.140625, 954720.8125, 2683.0927734375]
[209134.796875, 996367.6875, 218865.984375, 876699.875, 2702.662109375]
[200560.203125, 953793.9375, 215095.328125, 871082.375, 2717.733642578125]
[198421.953125, 933382.0625, 206834.40625, 843877.9375, 2718.5498046875]
[185834.5, 870607.8125, 202564.46875, 818828.3125, 2731.01611328125]
[177438.9375, 821532.5, 192862.703125, 764880.875, 2732.01123046875]
[167550.390625, 771475.375, 184014.921875, 721646.875, 2740.1923828125]
[156350.234375, 711795.1875, 169677.75, 712181.625, 2752.591064453125]
[154623.84375, 698564.375, 163200.875, 661086.9375, 2754.8359375]
[140737.75, 648080.6875, 166708.40625, 759107.125, 2784.72998046875]
[147541.421875, 666132.3125, 159072.328125, 620001.3125, 2767.477783203125]
[145683.140625, 655828.875, 156185.8125, 600619.6875, 2771.40234375]
[137248.34375, 616922.75, 150149.5, 581496.125, 2785.986083984375]
[130618.3046875, 588087.875, 145985.03125, 560316.5, 2800.035400390625]
[121126.28125, 545176.25, 137155.484375, 564597.6875, 2818.83837890625]
[121840.9609375, 543346.625, 131607.109375, 516817.03125, 2822.288818359375]
[118066.453125, 529661.1875, 131635.984375, 507492.5625, 2833.23681640625]
[116605.5, 522117.5625, 129664.03125, 482410.78125, 2835.14794921875]
[111353.6328125, 497273.03125, 124030.0625, 465774.5, 2850.34912109375]
[107578.6328125, 475254.9375, 117612.8828125, 462391.90625, 2854.965087890625]
[104388.984375, 460693.4375, 114620.65625, 446070.1875, 2866.2548828125]
[102489.484375, 448761.21875, 110700.71875, 434588.78125, 2871.473876953125]
[96120.15625, 421901.0, 108765.09375, 473102.625, 2891.618408203125]
[98813.15625, 428700.1875, 106648.1328125, 415791.0, 2879.3125]
[97843.5, 420609.59375, 104064.1328125, 400804.65625, 2881.049560546875]
[92154.75, 386371.84375, 97750.8203125, 392778.75, 2895.965576171875]
[89714.9765625, 369660.8125, 94483.2734375, 394620.15625, 2908.37646484375]
[90479.0859375, 371993.71875, 93755.7265625, 376784.625, 2904.276123046875]
[88422.7734375, 358762.09375, 91141.5078125, 368386.21875, 2907.82861328125]
[85531.4453125, 339844.53125, 88154.8984375, 368504.15625, 2916.06298828125]
[82699.6796875, 319927.625, 85181.359375, 349299.09375, 2925.01025390625]
[79779.1640625, 299562.84375, 82360.9921875, 344863.03125, 2937.037841796875]
[79982.6484375, 297710.03125, 81362.3125, 326099.09375, 2933.275634765625]
[77308.875, 282937.75, 80657.953125, 340976.125, 2943.032470703125]
[78295.1875, 286881.0, 80060.25, 315285.0625, 2937.770751953125]
[77745.7109375, 282140.25, 78941.0078125, 308269.3125, 2939.038330078125]
[75810.9296875, 268010.40625, 76489.453125, 302346.875, 2944.52783203125]
[73052.8203125, 249490.0625, 73850.859375, 294116.0625, 2955.042236328125]
[70670.265625, 232842.40625, 71135.7421875, 290338.59375, 2958.13916015625]
[70251.28125, 228804.171875, 69828.5859375, 279461.09375, 2961.3291015625]
[69184.4296875, 222370.296875, 69387.84375, 277581.46875, 2965.964599609375]
[68689.5390625, 217853.09375, 68421.4140625, 267965.40625, 2964.327392578125]
[67393.7265625, 209766.046875, 67179.015625, 264508.46875, 2969.27392578125]
[65242.8046875, 196213.484375, 64690.27734375, 260436.703125, 2976.21630859375]
[64072.8984375, 189499.78125, 63031.19921875, 264003.1875, 2980.74267578125]
[63805.03125, 187834.71875, 62749.3046875, 251969.96875, 2979.95654296875]
[63084.37890625, 183933.734375, 62223.05078125, 249853.828125, 2981.84619140625]
[62353.2890625, 179924.703125, 61314.4921875, 246290.65625, 2983.2255859375]
[59824.421875, 168011.390625, 60283.64453125, 253690.34375, 2994.3720703125]
[59736.125, 166822.53125, 59002.63671875, 237869.265625, 2993.660888671875]
[58905.5625, 162536.234375, 58147.54296875, 233814.09375, 2996.96533203125]
[57114.640625, 153924.03125, 56701.64453125, 228058.59375, 3004.532958984375]
[55508.06640625, 146358.90625, 55275.45703125, 224055.703125, 3008.0537109375]
[54361.05859375, 141364.078125, 54016.08203125, 218522.46875, 3012.536865234375]
[53524.28515625, 138048.828125, 53445.75390625, 214081.703125, 3014.97021484375]
[52402.796875, 133628.25, 52189.67578125, 207657.9375, 3016.573486328125]
[48988.8671875, 121492.0859375, 52105.1640625, 229308.015625, 3033.40380859375]
[50903.74609375, 128018.4921875, 51217.26953125, 202028.40625, 3022.254638671875]
[50753.890625, 127104.890625, 51039.28515625, 196963.140625, 3022.16015625]
[49934.73828125, 123939.0546875, 50625.2421875, 195269.40625, 3025.63037109375]
[47888.984375, 116290.3203125, 49739.66015625, 197075.625, 3033.365478515625]
[47259.91015625, 113792.1484375, 48982.86328125, 193414.390625, 3035.6826171875]
[46527.44921875, 111142.7890625, 48281.9609375, 188613.546875, 3036.76220703125]
[44788.4921875, 105122.1484375, 47498.54296875, 188703.984375, 3042.670166015625]
[44396.171875, 103698.7734375, 46865.4609375, 184512.390625, 3042.818603515625]
[42849.6953125, 98492.921875, 46345.94140625, 183772.765625, 3050.545166015625]
[41930.609375, 95282.3203125, 45372.4453125, 179856.296875, 3056.5654296875]
[41130.86328125, 92408.7109375, 44614.26953125, 177119.140625, 3059.81591796875]
[41094.71875, 91909.875, 43898.62890625, 173011.90625, 3060.21337890625]
[39986.4140625, 88241.7890625, 43065.453125, 172424.453125, 3066.39501953125]
[39935.94921875, 87489.3984375, 42197.9296875, 167384.1875, 3064.62451171875]
[39098.53515625, 84553.4765625, 41454.203125, 164558.59375, 3068.297607421875]
[37478.22265625, 78632.3203125, 39696.0, 165967.046875, 3075.4091796875]
[37444.8359375, 78040.921875, 39255.84765625, 159837.109375, 3075.28759765625]
[36796.23828125, 75951.7890625, 38827.34375, 159364.09375, 3079.48046875]
[36325.92578125, 73869.3984375, 37946.984375, 156384.515625, 3081.05029296875]
[34940.64453125, 69051.6171875, 36465.27734375, 156199.828125, 3087.69677734375]
[34934.0078125, 68473.140625, 35796.703125, 149371.03125, 3085.210205078125]
[34362.58984375, 66502.0625, 35309.2890625, 148716.953125, 3087.320068359375]
[34058.40625, 65354.03515625, 34814.10546875, 146465.734375, 3087.411865234375]
[33387.1640625, 63189.34375, 34233.60546875, 145070.265625, 3091.42138671875]
[32701.228515625, 61054.40625, 33577.37109375, 142024.390625, 3094.8330078125]
[31888.146484375, 58601.34765625, 32915.91015625, 139272.09375, 3099.470703125]
[31369.390625, 56950.0, 32374.724609375, 136391.390625, 3100.669189453125]
[30823.443359375, 55337.73828125, 31960.876953125, 135911.6875, 3103.3955078125]
[30695.376953125, 54612.72265625, 31474.365234375, 134123.375, 3102.16455078125]
[29940.041015625, 52460.51953125, 30981.78515625, 134107.40625, 3105.01953125]
[30003.88671875, 52581.1328125, 30879.150390625, 130932.7578125, 3104.206787109375]
[29589.037109375, 51377.640625, 30418.025390625, 129148.8671875, 3106.182373046875]
[29081.08203125, 49909.27734375, 29873.52734375, 128189.375, 3107.902099609375]
[28358.55859375, 47951.00390625, 29240.546875, 127680.40625, 3111.247314453125]
[28007.64453125, 46942.9765625, 28803.22265625, 125959.8515625, 3112.222900390625]
[27077.958984375, 44695.0546875, 28123.5234375, 126859.7109375, 3117.42333984375]
[27195.4609375, 44850.45703125, 28013.765625, 122887.9375, 3115.608154296875]
[26945.041015625, 44284.0078125, 27810.42578125, 120894.6953125, 3117.474853515625]
[26490.12890625, 43305.5234375, 27466.66796875, 119444.2265625, 3120.586669921875]
[26164.1171875, 42524.984375, 27131.033203125, 117378.4765625, 3122.30908203125]
[25277.6640625, 40433.62890625, 26242.6640625, 116555.8828125, 3129.29638671875]
[25202.146484375, 39994.10546875, 25983.92578125, 113545.5390625, 3127.4970703125]
[24926.484375, 39343.71875, 25744.23046875, 113195.625, 3128.648193359375]
[24726.419921875, 38664.8984375, 25381.228515625, 112115.6640625, 3128.226806640625]
[24168.990234375, 37464.09375, 24997.5546875, 111938.203125, 3131.2138671875]
[24004.275390625, 37045.69140625, 24857.08984375, 110402.203125, 3131.99267578125]
[23675.5859375, 36185.0625, 24508.44921875, 108432.6328125, 3132.689208984375]
[23204.8203125, 35108.3125, 24173.015625, 107800.25, 3136.021240234375]
[23209.529296875, 34981.32421875, 24056.3359375, 106222.2890625, 3135.098388671875]
[22676.595703125, 33845.09375, 23615.677734375, 106118.375, 3137.599609375]
[22684.630859375, 33809.4609375, 23527.427734375, 104605.359375, 3137.48046875]
[22419.095703125, 33260.57421875, 23241.587890625, 102990.4609375, 3139.088623046875]
[22007.099609375, 32449.25, 22847.369140625, 101546.25, 3141.425048828125]
[21530.658203125, 31467.880859375, 22382.43359375, 100686.8828125, 3143.47802734375]
[21520.986328125, 31332.47265625, 22295.541015625, 99277.609375, 3143.050537109375]
[21175.96484375, 30599.583984375, 22023.26953125, 98957.8125, 3145.095458984375]
[21192.400390625, 30440.234375, 21882.08203125, 97430.1875, 3144.18017578125]
[20895.087890625, 29798.353515625, 21575.302734375, 96164.875, 3146.03076171875]
[20277.068359375, 28556.6171875, 20993.095703125, 96217.984375, 3150.4560546875]
[20349.0234375, 28638.380859375, 20977.798828125, 94478.8984375, 3149.624267578125]
[20220.42578125, 28408.794921875, 20868.068359375, 93997.8359375, 3150.27392578125]
[19972.552734375, 27872.951171875, 20564.837890625, 92825.3125, 3151.22216796875]
[19486.359375, 26945.568359375, 20125.9765625, 92369.6484375, 3154.6796875]
[19457.62109375, 26686.412109375, 19926.205078125, 90484.6328125, 3154.516357421875]
[19211.201171875, 26174.11328125, 19674.03125, 89952.59375, 3156.365478515625]
[19116.9453125, 25891.65234375, 19532.65625, 89031.53125, 3156.711181640625]
[18724.1796875, 25162.9921875, 19186.748046875, 88211.5546875, 3159.69775390625]
[18457.9453125, 24604.044921875, 18913.345703125, 87144.2734375, 3160.7529296875]
[18379.939453125, 24444.65625, 18811.00390625, 86247.984375, 3161.10205078125]
[18205.61328125, 24170.400390625, 18661.1640625, 85837.3359375, 3162.115966796875]
[18096.10546875, 23929.59375, 18507.537109375, 84726.3515625, 3162.325927734375]
[17633.935546875, 23176.71484375, 18129.630859375, 84583.3359375, 3165.65478515625]
[17624.08203125, 23056.396484375, 18073.833984375, 83319.2890625, 3164.864013671875]
[17453.853515625, 22748.091796875, 17938.2265625, 82816.71875, 3166.020751953125]
[17197.46484375, 22266.3515625, 17709.1171875, 81998.65625, 3167.369140625]
[16748.33203125, 21531.5234375, 17348.109375, 81457.1953125, 3170.769775390625]
[16689.416015625, 21357.875, 17245.94140625, 80296.078125, 3170.182861328125]
[16522.91796875, 21090.251953125, 17099.318359375, 79939.984375, 3171.02978515625]
[16578.837890625, 21034.994140625, 17045.693359375, 79422.25, 3170.232421875]
[16399.53125, 20792.982421875, 16928.884765625, 78722.171875, 3171.549560546875]
[16205.2666015625, 20501.578125, 16797.203125, 78201.1015625, 3173.110595703125]
[16115.3828125, 20308.1875, 16702.478515625, 77414.8125, 3173.502685546875]
[15813.2275390625, 19767.4140625, 16419.619140625, 76774.25, 3175.518310546875]
[15684.62109375, 19480.576171875, 16238.4033203125, 75849.9296875, 3175.83056640625]
[15447.08203125, 19076.052734375, 16011.466796875, 75590.078125, 3177.19677734375]
[15148.26171875, 18509.40234375, 15696.9326171875, 74780.0, 3178.615966796875]
[14738.8603515625, 17917.30859375, 15412.859375, 74926.6171875, 3182.37939453125]
[14874.60546875, 18050.78515625, 15478.4833984375, 73624.234375, 3180.91015625]
[14809.5908203125, 17958.798828125, 15447.73046875, 72984.7578125, 3181.4091796875]
[14635.7138671875, 17710.177734375, 15351.1904296875, 72399.875, 3182.815185546875]
[14479.4541015625, 17485.3203125, 15246.2314453125, 71824.5546875, 3183.9013671875]
[14175.353515625, 16994.044921875, 15013.748046875, 71314.7109375, 3185.13818359375]
[14030.2265625, 16768.9609375, 14873.6923828125, 70421.375, 3186.1455078125]
[13859.841796875, 16513.556640625, 14723.814453125, 69990.3203125, 3187.097900390625]
[13662.412109375, 16172.5810546875, 14529.44921875, 69277.84375, 3187.881591796875]
[13192.990234375, 15557.9501953125, 14226.8271484375, 69833.890625, 3190.916015625]
[13364.890625, 15636.1337890625, 14234.029296875, 68737.609375, 3188.125]
[13281.0517578125, 15548.7705078125, 14183.4921875, 68082.1796875, 3189.4248046875]
[13188.8681640625, 15432.35546875, 14116.9794921875, 67849.9140625, 3190.0634765625]
[13076.3935546875, 15263.7724609375, 14006.6787109375, 67499.8359375, 3190.519287109375]
[12969.5498046875, 15086.1494140625, 13879.943359375, 66878.0078125, 3190.77685546875]
[12637.5439453125, 14601.576171875, 13569.3857421875, 66179.390625, 3192.2041015625]
[12499.1904296875, 14363.0908203125, 13415.572265625, 65324.28125, 3192.55029296875]
[12389.9228515625, 14214.73828125, 13350.0634765625, 64950.1171875, 3193.07861328125]
[12235.4287109375, 14012.79296875, 13273.275390625, 64625.18359375, 3194.0859375]
[11964.0234375, 13677.7158203125, 13122.0634765625, 64265.54296875, 3195.226806640625]
[11855.71875, 13496.3701171875, 13020.443359375, 63535.3203125, 3195.26806640625]
[11357.8515625, 12991.044921875, 12787.990234375, 65020.36328125, 3199.533203125]
[11671.3662109375, 13253.37109375, 12867.1474609375, 62911.7109375, 3196.419189453125]
[11631.7666015625, 13197.3896484375, 12827.73046875, 62683.81640625, 3196.467529296875]
[11391.89453125, 12888.123046875, 12636.9931640625, 62170.37890625, 3197.350830078125]
[11279.38671875, 12733.1826171875, 12536.185546875, 61634.2734375, 3197.729736328125]
[11048.7685546875, 12438.7607421875, 12363.4208984375, 61063.98828125, 3198.6142578125]
[10975.6611328125, 12319.642578125, 12293.2490234375, 60647.34765625, 3198.828125]
[10875.3154296875, 12184.3125, 12223.12109375, 60329.26171875, 3199.275390625]
[10582.9697265625, 11797.916015625, 12032.251953125, 59746.1328125, 3200.369873046875]
[10401.0244140625, 11544.8681640625, 11900.3642578125, 59779.140625, 3201.613037109375]
[10368.224609375, 11511.9345703125, 11877.54296875, 59141.07421875, 3201.403076171875]
[10395.8046875, 11516.59375, 11864.02734375, 58779.34375, 3200.759521484375]
[10157.15234375, 11276.375, 11751.3935546875, 59204.12109375, 3202.385986328125]
[10228.3017578125, 11322.4140625, 11758.671875, 58450.96484375, 3201.867919921875]
[10187.1201171875, 11254.4248046875, 11705.8935546875, 58014.71484375, 3202.21142578125]
[10068.4990234375, 11106.12109375, 11605.9873046875, 57679.58203125, 3203.13427734375]
[9854.7705078125, 10861.7421875, 11448.9189453125, 57236.8984375, 3204.657958984375]
[9612.19140625, 10581.7392578125, 11267.6337890625, 56970.4765625, 3206.58935546875]
[9556.119140625, 10519.5654296875, 11215.8642578125, 56309.66015625, 3206.755859375]
[9533.0146484375, 10487.02734375, 11183.939453125, 55852.1640625, 3206.71142578125]
[9390.458984375, 10346.548828125, 11111.7001953125, 55605.453125, 3207.735107421875]
[9345.7099609375, 10265.125, 11044.44140625, 55107.8046875, 3207.856201171875]
[9208.4853515625, 10119.7373046875, 10965.9853515625, 54836.0625, 3208.842529296875]
[9064.4453125, 9962.162109375, 10870.52734375, 54562.96484375, 3210.014892578125]
[8971.7607421875, 9834.783203125, 10750.6279296875, 54276.46484375, 3210.333740234375]
[8788.9228515625, 9657.23046875, 10630.123046875, 54144.01953125, 3212.15234375]
[8771.396484375, 9620.4296875, 10570.259765625, 53776.55078125, 3212.145751953125]
[8696.7119140625, 9553.900390625, 10513.947265625, 53665.55859375, 3212.65478515625]
[8609.884765625, 9472.556640625, 10432.8544921875, 53324.25, 3213.2666015625]
[8448.15234375, 9327.0927734375, 10293.0205078125, 52893.3046875, 3214.644287109375]
[8422.4921875, 9275.533203125, 10237.7578125, 52375.83203125, 3214.912841796875]
[8360.904296875, 9207.91015625, 10186.2861328125, 52226.39453125, 3215.5576171875]
[8330.5068359375, 9151.9853515625, 10140.83984375, 51983.4453125, 3215.67919921875]
[8167.62353515625, 8985.4033203125, 10010.2109375, 51821.39453125, 3217.165283203125]
[8078.826171875, 8874.1298828125, 9906.9580078125, 51377.73046875, 3217.6748046875]
[7964.49609375, 8757.7548828125, 9803.2431640625, 51141.67578125, 3218.442626953125]
[7893.62939453125, 8687.107421875, 9729.912109375, 50856.1328125, 3219.02978515625]
[7845.10546875, 8639.21875, 9684.111328125, 50537.49609375, 3219.349853515625]
[7759.10302734375, 8560.2109375, 9612.6806640625, 50181.12890625, 3220.04541015625]
[7713.9716796875, 8508.6416015625, 9559.212890625, 49716.875, 3220.227783203125]
[7420.8046875, 8324.2236328125, 9366.3525390625, 50342.94921875, 3223.559814453125]
[7560.5947265625, 8378.8427734375, 9430.4599609375, 49241.8671875, 3221.495361328125]
[7530.28076171875, 8348.373046875, 9403.375, 49075.08984375, 3221.830810546875]
[7417.4501953125, 8250.841796875, 9311.9736328125, 48933.890625, 3222.983642578125]
[7269.54052734375, 8129.30029296875, 9193.2314453125, 48717.60546875, 3224.515625]
[7163.0947265625, 8027.97119140625, 9101.140625, 48377.5546875, 3225.514404296875]
[7101.29052734375, 7965.10546875, 9043.6630859375, 48102.1953125, 3225.88037109375]
[7012.65771484375, 7889.32568359375, 8975.44140625, 47883.5, 3226.67919921875]
[6924.34423828125, 7813.37841796875, 8899.888671875, 47559.578125, 3227.5615234375]
[6850.35107421875, 7741.416015625, 8837.1474609375, 47262.3671875, 3228.18603515625]
[6827.462890625, 7713.76708984375, 8809.58203125, 46995.70703125, 3228.500732421875]
[6741.07958984375, 7650.2138671875, 8740.1162109375, 46835.203125, 3229.74267578125]
[6807.11181640625, 7648.10400390625, 8754.798828125, 46629.89453125, 3228.734619140625]
[6735.36083984375, 7606.8876953125, 8708.1572265625, 46289.99609375, 3229.6640625]
[6661.3369140625, 7552.99951171875, 8655.4716796875, 46142.7109375, 3230.5732421875]
[6612.8984375, 7504.67822265625, 8613.736328125, 45966.93359375, 3231.03076171875]
[6521.330078125, 7412.15771484375, 8529.0830078125, 45627.77734375, 3232.10595703125]
[6426.86181640625, 7316.92041015625, 8436.998046875, 45386.16796875, 3232.76513671875]
[6405.1767578125, 7286.0751953125, 8408.689453125, 45176.55859375, 3233.0859375]
[6334.12841796875, 7227.9814453125, 8348.76953125, 45090.421875, 3234.003662109375]
[6300.3408203125, 7189.4306640625, 8310.75390625, 44791.51171875, 3234.052978515625]
[6149.86328125, 7095.28369140625, 8197.095703125, 44651.28125, 3235.828125]
[6136.923828125, 7067.390625, 8173.6220703125, 44324.90625, 3235.512451171875]
[6093.134765625, 7027.341796875, 8135.07666015625, 44161.1484375, 3235.8681640625]
[6032.41357421875, 6964.220703125, 8072.8818359375, 43925.34765625, 3236.48193359375]
[5955.13525390625, 6882.82275390625, 7997.86279296875, 43741.85546875, 3237.214111328125]
[5935.5751953125, 6850.2158203125, 7968.7568359375, 43518.1328125, 3237.454345703125]
[5839.54443359375, 6774.76513671875, 7894.72607421875, 43450.56640625, 3238.66162109375]
[5845.48681640625, 6751.27587890625, 7884.4814453125, 43125.89453125, 3238.20166015625]
[5795.66064453125, 6710.56884765625, 7844.71923828125, 42895.546875, 3238.683349609375]
[5708.78369140625, 6626.43359375, 7770.4287109375, 42724.11328125, 3239.008544921875]
[5699.07275390625, 6615.615234375, 7758.15380859375, 42484.59765625, 3239.178955078125]
[5662.1708984375, 6579.76220703125, 7723.455078125, 42284.1875, 3239.645751953125]
[5614.47265625, 6524.26318359375, 7670.96826171875, 42008.01171875, 3240.0341796875]
[5483.86279296875, 6417.25341796875, 7577.72265625, 41888.66015625, 3241.678466796875]
[5486.76611328125, 6388.51953125, 7548.693359375, 41521.890625, 3241.217041015625]
[5440.97265625, 6351.2060546875, 7516.8857421875, 41396.98828125, 3241.707275390625]
[5410.271484375, 6323.6064453125, 7493.71337890625, 41256.69921875, 3242.06005859375]
[5351.6806640625, 6259.53662109375, 7438.0029296875, 41018.4140625, 3242.70703125]
[5293.14501953125, 6185.77392578125, 7377.71728515625, 40768.61328125, 3243.54541015625]
[5264.66455078125, 6148.5625, 7346.2763671875, 40628.9375, 3243.88525390625]
[5209.84033203125, 6082.61669921875, 7290.7802734375, 40445.20703125, 3244.5830078125]
[5137.380859375, 6001.60693359375, 7229.76416015625, 40319.609375, 3245.6181640625]
[5112.111328125, 5971.33642578125, 7202.7900390625, 40048.3359375, 3245.894775390625]
[5083.20166015625, 5940.037109375, 7176.294921875, 39839.04296875, 3246.196044921875]
[5060.63818359375, 5916.4951171875, 7156.9208984375, 39690.8984375, 3246.47265625]
[4984.06396484375, 5835.88427734375, 7094.775390625, 39521.5, 3247.193115234375]
[4972.93408203125, 5813.0595703125, 7074.41796875, 39242.08984375, 3247.34033203125]
[4830.078125, 5717.4267578125, 7008.43310546875, 39995.421875, 3249.899169921875]
[4930.4775390625, 5767.5341796875, 7039.583984375, 39034.72265625, 3247.872314453125]
[4916.0888671875, 5749.77392578125, 7026.51220703125, 38979.39453125, 3247.9970703125]
[4833.65625, 5657.990234375, 6961.17138671875, 38843.40625, 3248.84423828125]
[4793.88623046875, 5614.7021484375, 6927.724609375, 38669.3359375, 3249.272705078125]
[4702.318359375, 5536.83642578125, 6858.99365234375, 38401.078125, 3250.00732421875]
[4677.2255859375, 5507.42041015625, 6828.77099609375, 38195.12890625, 3250.52685546875]
[4666.1103515625, 5502.5556640625, 6820.71142578125, 38067.19921875, 3250.68408203125]
[4644.30908203125, 5487.23974609375, 6799.8623046875, 37826.1953125, 3251.061767578125]
[4601.71044921875, 5445.064453125, 6763.62353515625, 37665.65234375, 3251.638427734375]
[4567.68994140625, 5381.35693359375, 6712.3955078125, 37428.5625, 3251.982421875]
[4479.345703125, 5304.66015625, 6648.87744140625, 37481.0625, 3253.518798828125]
[4504.39990234375, 5303.77587890625, 6651.05908203125, 37203.234375, 3252.950927734375]
[4487.65673828125, 5277.712890625, 6630.40625, 37103.62109375, 3253.135009765625]
[4448.75634765625, 5229.6513671875, 6590.54736328125, 36999.22265625, 3253.7333984375]
[4378.08203125, 5151.53857421875, 6525.20166015625, 36839.859375, 3254.939697265625]
[4298.701171875, 5062.24267578125, 6451.09375, 36726.3203125, 3256.1171875]
[4301.69189453125, 5056.57666015625, 6441.02978515625, 36485.609375, 3256.010986328125]
[4268.828125, 5026.01904296875, 6415.57958984375, 36369.046875, 3256.46337890625]
[4270.89794921875, 5024.482421875, 6411.52392578125, 36165.57421875, 3256.15087890625]
[4231.81787109375, 4981.66259765625, 6374.626953125, 35981.82421875, 3256.66162109375]
[4198.08447265625, 4938.83056640625, 6336.61767578125, 35805.55859375, 3257.013916015625]
[4171.05029296875, 4901.9755859375, 6304.57958984375, 35687.39453125, 3257.3955078125]
[4128.279296875, 4849.3671875, 6261.390625, 35592.46875, 3258.177978515625]
[4090.589599609375, 4800.52001953125, 6221.607421875, 35443.06640625, 3258.64599609375]
[4043.201416015625, 4747.4990234375, 6181.5693359375, 35333.34375, 3259.4013671875]
[4034.534423828125, 4729.50244140625, 6166.5537109375, 35189.84375, 3259.205078125]
[3970.86669921875, 4676.37646484375, 6124.89599609375, 35185.9765625, 3260.235107421875]
[3985.009765625, 4686.77587890625, 6131.39453125, 34978.88671875, 3259.743408203125]
[3976.705078125, 4679.3466796875, 6120.671875, 34774.640625, 3259.598388671875]
[3946.181884765625, 4638.8330078125, 6088.736328125, 34638.3671875, 3259.7783203125]
[3892.432373046875, 4579.501953125, 6038.4560546875, 34500.7109375, 3260.376708984375]
[3848.5986328125, 4522.498046875, 5992.84765625, 34402.96875, 3260.95068359375]
[3809.910400390625, 4457.86767578125, 5946.18408203125, 34276.4921875, 3261.24755859375]
[3788.421875, 4431.74560546875, 5925.07958984375, 34176.0625, 3261.557373046875]
[3784.20849609375, 4419.78857421875, 5916.15185546875, 34028.8984375, 3261.57763671875]
[3730.3466796875, 4366.92724609375, 5877.39501953125, 33996.62890625, 3262.373046875]
[3734.04150390625, 4362.923828125, 5873.048828125, 33774.640625, 3262.210205078125]
[3708.365966796875, 4332.5439453125, 5848.3642578125, 33654.83203125, 3262.606201171875]
[3659.804931640625, 4280.42578125, 5803.8662109375, 33555.50390625, 3263.15087890625]
[3613.782958984375, 4226.83447265625, 5759.2841796875, 33528.3671875, 3264.025146484375]
[3614.267333984375, 4220.96533203125, 5751.93310546875, 33381.30859375, 3263.854736328125]
[3580.793212890625, 4183.77001953125, 5717.236328125, 33291.05859375, 3264.2666015625]
[3577.9033203125, 4177.30712890625, 5708.81591796875, 33169.55078125, 3264.288330078125]
[3539.09228515625, 4133.4619140625, 5672.029296875, 33020.99609375, 3265.00439453125]
[3500.337890625, 4098.876953125, 5639.6748046875, 32926.46875, 3265.46728515625]
[3484.72705078125, 4078.666748046875, 5627.84521484375, 32770.765625, 3265.82080078125]
[3459.281494140625, 4053.908447265625, 5610.7548828125, 32672.97265625, 3266.190185546875]
[3443.378173828125, 4037.90576171875, 5597.71826171875, 32550.505859375, 3266.3798828125]
[3387.9404296875, 3989.383056640625, 5554.74560546875, 32462.57421875, 3267.2939453125]
[3376.47021484375, 3967.103271484375, 5533.01953125, 32296.478515625, 3267.365234375]
[3339.3837890625, 3934.039794921875, 5499.97216796875, 32255.359375, 3268.240234375]
[3337.043701171875, 3924.05615234375, 5490.638671875, 32160.263671875, 3268.270263671875]
[3312.01025390625, 3893.729736328125, 5461.98095703125, 32007.7734375, 3268.786376953125]
[3275.974609375, 3848.658935546875, 5423.8115234375, 31959.28515625, 3269.244873046875]
[3274.824951171875, 3847.98046875, 5423.3017578125, 31770.0703125, 3269.28515625]
[3254.04345703125, 3830.61376953125, 5410.19921875, 31713.72265625, 3269.6533203125]
[3240.9111328125, 3815.970458984375, 5398.57666015625, 31597.40625, 3269.84716796875]
[3186.34716796875, 3764.693359375, 5356.1572265625, 31498.025390625, 3270.874755859375]
[3168.165283203125, 3737.290283203125, 5332.587890625, 31336.185546875, 3271.176025390625]
[3136.645263671875, 3702.5048828125, 5303.3984375, 31264.685546875, 3271.8759765625]
[3121.78369140625, 3681.107666015625, 5285.26171875, 31139.30078125, 3272.140625]
[3087.05029296875, 3646.275634765625, 5254.1904296875, 31051.001953125, 3272.878662109375]
[3062.981689453125, 3622.2431640625, 5232.455078125, 30936.095703125, 3273.357666015625]
[3063.111328125, 3615.79541015625, 5227.283203125, 30813.701171875, 3273.177490234375]
[3025.0947265625, 3587.494384765625, 5200.11865234375, 30789.634765625, 3273.9775390625]
[3020.256591796875, 3575.91015625, 5192.30126953125, 30684.314453125, 3274.03515625]
[2993.06689453125, 3535.91845703125, 5163.69384765625, 30528.248046875, 3274.482421875]
[2959.46533203125, 3496.2333984375, 5131.12255859375, 30443.5703125, 3275.153564453125]
[2923.44775390625, 3454.904541015625, 5100.7587890625, 30359.490234375, 3275.810302734375]
[2906.660400390625, 3431.463134765625, 5083.1279296875, 30260.763671875, 3275.939697265625]
[2854.561279296875, 3388.190673828125, 5046.7001953125, 30278.189453125, 3277.03125]
[2868.507080078125, 3395.73876953125, 5051.85986328125, 30115.0546875, 3276.637451171875]
[2864.462646484375, 3390.238525390625, 5046.2275390625, 30016.609375, 3276.699951171875]
[2839.916015625, 3362.837890625, 5021.70166015625, 29883.501953125, 3277.161376953125]
[2803.533935546875, 3323.87060546875, 4989.4599609375, 29846.83203125, 3278.0244140625]
[2793.97509765625, 3311.872314453125, 4978.6044921875, 29750.9921875, 3278.154052734375]
[2771.373291015625, 3285.816162109375, 4955.4130859375, 29644.53515625, 3278.505615234375]
[2753.723388671875, 3267.0380859375, 4938.4443359375, 29569.052734375, 3278.775634765625]
[2715.23095703125, 3225.738037109375, 4901.2548828125, 29431.666015625, 3279.581787109375]
[2694.674560546875, 3203.2666015625, 4881.34130859375, 29355.240234375, 3279.868408203125]
[2687.128173828125, 3193.845703125, 4873.09375, 29283.05859375, 3280.07470703125]
[2660.8359375, 3170.517333984375, 4851.99560546875, 29229.9296875, 3280.711181640625]
[2675.1689453125, 3172.32568359375, 4853.63671875, 29165.875, 3280.237548828125]
[2651.9755859375, 3155.282470703125, 4837.01318359375, 29072.43359375, 3280.83740234375]
[2627.625732421875, 3136.2685546875, 4817.96630859375, 29020.205078125, 3281.369140625]
[2616.013427734375, 3124.6220703125, 4806.11767578125, 28947.8515625, 3281.552001953125]
[2588.377685546875, 3095.773193359375, 4779.44775390625, 28819.15234375, 3282.00244140625]
[2556.217041015625, 3055.6083984375, 4744.76953125, 28802.37109375, 3282.398193359375]
[2552.32861328125, 3051.89794921875, 4740.72412109375, 28652.095703125, 3282.512939453125]
[2540.11865234375, 3039.892578125, 4730.56884765625, 28606.95703125, 3282.77978515625]
[2534.5283203125, 3031.144287109375, 4722.00830078125, 28530.4609375, 3282.791259765625]
[2497.45947265625, 2997.659423828125, 4690.15673828125, 28483.326171875, 3283.546875]
[2486.382080078125, 2983.3828125, 4673.99365234375, 28363.05859375, 3283.563232421875]
[2461.38818359375, 2961.586181640625, 4651.36474609375, 28273.642578125, 3284.0458984375]
[2442.8505859375, 2941.759033203125, 4633.00830078125, 28148.095703125, 3284.234130859375]
[2420.374267578125, 2919.984130859375, 4613.1630859375, 28070.904296875, 3284.766845703125]
[2406.398193359375, 2903.840087890625, 4600.41064453125, 27985.34375, 3284.990966796875]
[2395.840087890625, 2884.058837890625, 4586.8662109375, 27902.576171875, 3285.110595703125]
[2372.041015625, 2862.026611328125, 4566.38330078125, 27861.400390625, 3285.631591796875]
[2374.31494140625, 2856.89697265625, 4561.6826171875, 27761.5, 3285.465576171875]
[2338.752685546875, 2821.267333984375, 4530.125, 27741.626953125, 3286.19140625]
[2348.180419921875, 2827.91796875, 4534.07275390625, 27620.62109375, 3285.908935546875]
[2340.56787109375, 2821.36962890625, 4527.39892578125, 27572.078125, 3286.099365234375]
[2315.609375, 2799.246826171875, 4507.06787109375, 27492.642578125, 3286.620361328125]
[2289.163818359375, 2772.693603515625, 4482.99951171875, 27447.7734375, 3287.10205078125]
[2275.5087890625, 2758.8515625, 4469.5615234375, 27343.537109375, 3287.31787109375]
[2267.262939453125, 2747.717529296875, 4458.95947265625, 27256.791015625, 3287.3349609375]
[2248.08251953125, 2729.48291015625, 4440.916015625, 27209.244140625, 3287.697265625]
[2232.75, 2711.26708984375, 4422.10888671875, 27107.3984375, 3287.828369140625]
[2198.780029296875, 2683.13330078125, 4393.68798828125, 27064.990234375, 3288.64599609375]
[2196.8076171875, 2675.08349609375, 4385.6611328125, 26973.6796875, 3288.61962890625]
[2179.78173828125, 2661.300537109375, 4372.0791015625, 26925.455078125, 3288.9423828125]
[2173.28271484375, 2654.72509765625, 4366.51904296875, 26851.154296875, 3289.051025390625]
[2149.587646484375, 2633.933349609375, 4345.1396484375, 26730.4921875, 3289.428466796875]
[2127.414306640625, 2609.662841796875, 4322.486328125, 26656.015625, 3289.740966796875]
[2122.425537109375, 2604.559326171875, 4315.37109375, 26578.44140625, 3289.76123046875]
[2107.587890625, 2591.99365234375, 4300.59375, 26538.44140625, 3290.04833984375]
[2104.84326171875, 2585.742431640625, 4293.06298828125, 26458.189453125, 3289.969970703125]
[2075.978759765625, 2561.393310546875, 4266.5654296875, 26401.421875, 3290.5302734375]
[2068.2109375, 2550.974609375, 4255.27490234375, 26308.09765625, 3290.490478515625]
[2049.79833984375, 2534.97119140625, 4238.921875, 26239.24609375, 3290.7841796875]
[2039.9818115234375, 2524.346435546875, 4226.93994140625, 26160.38671875, 3290.76953125]
[2022.5687255859375, 2508.11279296875, 4208.966796875, 26080.806640625, 3290.970947265625]
[1993.8818359375, 2482.242431640625, 4180.78076171875, 26028.02734375, 3291.4482421875]
[1993.06787109375, 2479.644775390625, 4176.3056640625, 25930.138671875, 3291.412353515625]
[1973.7801513671875, 2466.21142578125, 4161.9638671875, 25917.712890625, 3291.901611328125]
[1976.888916015625, 2466.926513671875, 4161.31787109375, 25840.474609375, 3291.83740234375]
[1968.4716796875, 2460.00341796875, 4153.251953125, 25777.32421875, 3291.957275390625]
[1939.169189453125, 2437.27490234375, 4125.7119140625, 25690.734375, 3292.54296875]
[1929.5267333984375, 2428.021240234375, 4115.00537109375, 25634.326171875, 3292.56005859375]
[1917.7725830078125, 2417.529052734375, 4101.6162109375, 25582.896484375, 3292.723388671875]
[1897.30810546875, 2399.86328125, 4077.283935546875, 25472.35546875, 3293.18017578125]
[1866.0302734375, 2376.5078125, 4046.4228515625, 25431.349609375, 3293.65771484375]
[1870.006103515625, 2375.107666015625, 4044.180908203125, 25312.34765625, 3293.705810546875]
[1855.2501220703125, 2367.80078125, 4032.598876953125, 25294.53125, 3294.22705078125]
[1859.6614990234375, 2366.201904296875, 4032.460205078125, 25229.08203125, 3294.1640625]
[1850.6749267578125, 2358.170654296875, 4023.00927734375, 25180.53515625, 3294.293701171875]
[1819.8292236328125, 2334.645751953125, 3992.92236328125, 25109.638671875, 3294.955810546875]
[1807.97509765625, 2320.476806640625, 3978.425048828125, 25073.076171875, 3295.035888671875]
[1803.6075439453125, 2315.947509765625, 3972.138916015625, 25016.462890625, 3295.17626953125]
[1788.1878662109375, 2302.871337890625, 3954.86767578125, 24961.705078125, 3295.691162109375]
[1786.5086669921875, 2297.600341796875, 3949.533203125, 24898.296875, 3295.704833984375]
[1761.9896240234375, 2276.7685546875, 3925.04296875, 24845.677734375, 3296.319580078125]
[1758.78759765625, 2270.08203125, 3918.087890625, 24754.03125, 3296.31591796875]
[1741.95068359375, 2256.7744140625, 3901.846435546875, 24685.564453125, 3296.553466796875]
[1726.022705078125, 2243.64599609375, 3885.86669921875, 24643.6875, 3296.957763671875]
[1728.586181640625, 2244.8203125, 3885.71240234375, 24572.998046875, 3296.848388671875]
[1714.651611328125, 2236.15380859375, 3871.379150390625, 24521.087890625, 3297.207275390625]
[1703.6563720703125, 2225.62353515625, 3857.735107421875, 24459.384765625, 3297.515625]
[1685.9188232421875, 2210.481689453125, 3838.4716796875, 24404.15625, 3297.927734375]
[1677.2996826171875, 2200.4130859375, 3827.969970703125, 24341.798828125, 3298.141357421875]
[1663.6107177734375, 2188.000244140625, 3813.68896484375, 24274.390625, 3298.39697265625]
[1650.6910400390625, 2174.205078125, 3799.260009765625, 24220.806640625, 3298.816162109375]
[1641.410400390625, 2168.13037109375, 3789.430908203125, 24139.927734375, 3298.89794921875]
[1632.4296875, 2163.219482421875, 3780.3251953125, 24091.45703125, 3299.076416015625]
[1635.0615234375, 2163.07080078125, 3778.616455078125, 24028.771484375, 3298.884765625]
[1615.777587890625, 2151.956298828125, 3761.225341796875, 24014.119140625, 3299.533447265625]
[1614.120849609375, 2147.116943359375, 3757.701416015625, 23960.560546875, 3299.573486328125]
[1603.140625, 2132.086669921875, 3742.867431640625, 23867.705078125, 3299.883544921875]
[1586.260498046875, 2115.43359375, 3724.38623046875, 23873.53515625, 3300.24267578125]
[1585.465576171875, 2114.939208984375, 3722.732177734375, 23793.775390625, 3300.245361328125]
[1576.33154296875, 2108.987060546875, 3713.53564453125, 23746.810546875, 3300.474853515625]
[1569.0423583984375, 2104.12890625, 3705.607421875, 23705.96484375, 3300.613037109375]
[1548.3829345703125, 2091.7724609375, 3685.13134765625, 23657.783203125, 3301.12744140625]
[1538.7967529296875, 2082.547119140625, 3671.74853515625, 23588.443359375, 3301.203369140625]
[1526.2327880859375, 2073.375, 3658.59912109375, 23547.34765625, 3301.48828125]
[1523.3671875, 2068.057861328125, 3653.56396484375, 23498.025390625, 3301.51904296875]
[1511.248291015625, 2057.61767578125, 3639.68896484375, 23443.35546875, 3301.813720703125]
[1504.809814453125, 2047.111083984375, 3627.895751953125, 23395.232421875, 3301.671630859375]
[1488.198974609375, 2036.88720703125, 3613.2001953125, 23344.248046875, 3302.18408203125]
[1484.2901611328125, 2034.7874755859375, 3609.996826171875, 23302.4453125, 3302.273681640625]
[1473.277099609375, 2027.4520263671875, 3599.896240234375, 23261.7421875, 3302.5205078125]
[1453.1280517578125, 2012.2205810546875, 3578.7685546875, 23199.099609375, 3302.85302734375]
[1438.8294677734375, 2000.0748291015625, 3563.967529296875, 23127.4765625, 3303.2392578125]
[1431.701904296875, 1993.112060546875, 3555.410400390625, 23081.0859375, 3303.4482421875]
[1428.35693359375, 1987.03271484375, 3548.519287109375, 23023.220703125, 3303.496337890625]
[1406.4530029296875, 1973.2835693359375, 3528.209228515625, 23015.25, 3304.27734375]
[1410.9527587890625, 1972.624267578125, 3528.513427734375, 22930.3359375, 3304.179443359375]
[1404.6644287109375, 1968.2913818359375, 3522.99609375, 22880.525390625, 3304.273193359375]
[1396.3455810546875, 1963.2763671875, 3515.49365234375, 22851.044921875, 3304.54541015625]
[1386.17041015625, 1955.6146240234375, 3505.27099609375, 22806.216796875, 3304.834228515625]
[1370.0821533203125, 1942.3890380859375, 3486.18310546875, 22759.28125, 3305.29052734375]
[1363.7689208984375, 1935.8460693359375, 3478.430908203125, 22708.376953125, 3305.52392578125]
[1362.0335693359375, 1932.6375732421875, 3474.9296875, 22669.951171875, 3305.54638671875]
[1348.4217529296875, 1922.4954833984375, 3461.3203125, 22626.265625, 3305.931396484375]
[1341.329345703125, 1914.7005615234375, 3451.139404296875, 22561.87890625, 3306.0576171875]
[1325.402587890625, 1905.6273193359375, 3437.004638671875, 22534.01171875, 3306.517333984375]
[1321.116943359375, 1901.7298583984375, 3431.784423828125, 22486.8515625, 3306.5498046875]
[1312.0748291015625, 1895.426513671875, 3421.803466796875, 22447.74609375, 3306.802734375]
[1305.8741455078125, 1886.10888671875, 3410.800048828125, 22377.490234375, 3306.927001953125]
[1293.601318359375, 1871.7576904296875, 3393.777587890625, 22352.5, 3307.21240234375]
[1289.4354248046875, 1867.794921875, 3387.606201171875, 22299.876953125, 3307.41552734375]
[1288.7713623046875, 1865.712646484375, 3385.221923828125, 22255.0625, 3307.446533203125]
[1276.466064453125, 1856.3758544921875, 3372.484130859375, 22216.744140625, 3307.881103515625]
[1273.6939697265625, 1850.9273681640625, 3367.065673828125, 22148.765625, 3307.837158203125]
[1259.972412109375, 1840.1761474609375, 3353.504638671875, 22115.6640625, 3308.2587890625]
[1255.290283203125, 1834.8458251953125, 3347.925048828125, 22067.70703125, 3308.309814453125]
[1246.1719970703125, 1826.0257568359375, 3337.828125, 22006.86328125, 3308.519287109375]
[1229.48193359375, 1811.082763671875, 3319.768310546875, 21956.720703125, 3308.83251953125]
[1229.5880126953125, 1808.713623046875, 3317.8251953125, 21887.53125, 3308.833984375]
[1221.41943359375, 1802.851806640625, 3309.642822265625, 21873.4765625, 3309.14013671875]
[1219.8046875, 1800.8880615234375, 3306.468017578125, 21833.80859375, 3309.154296875]
[1211.039794921875, 1793.492919921875, 3296.303466796875, 21795.55859375, 3309.38916015625]
[1195.6741943359375, 1782.54443359375, 3279.413330078125, 21754.05859375, 3309.803955078125]
[1187.59912109375, 1772.0194091796875, 3267.809814453125, 21715.255859375, 3309.85986328125]
[1185.764892578125, 1770.591552734375, 3265.628662109375, 21671.248046875, 3309.988037109375]
[1181.2576904296875, 1766.5067138671875, 3260.387939453125, 21623.310546875, 3310.169921875]
[1176.309326171875, 1761.822021484375, 3254.70263671875, 21575.455078125, 3310.342041015625]
[1157.66845703125, 1747.2952880859375, 3236.232421875, 21504.265625, 3310.8212890625]
[1157.19677734375, 1741.4837646484375, 3231.2841796875, 21458.421875, 3310.73974609375]
Iteration: 505, loss: 30899.126953
[1143.16650390625, 1732.9337158203125, 3218.634521484375, 21450.630859375, 3311.213134765625]
[1143.856201171875, 1732.9041748046875, 3218.599853515625, 21401.560546875, 3311.0908203125]
[1141.1650390625, 1729.462890625, 3214.308349609375, 21363.126953125, 3311.08544921875]
[1132.7137451171875, 1721.7467041015625, 3203.99462890625, 21312.775390625, 3311.29052734375]
[1116.5799560546875, 1707.2520751953125, 3185.43994140625, 21324.01953125, 3311.714111328125]
[1116.6824951171875, 1706.6533203125, 3183.913818359375, 21229.759765625, 3311.749755859375]
[1113.6932373046875, 1704.568359375, 3180.6943359375, 21202.26171875, 3311.869384765625]
[1111.7835693359375, 1701.212158203125, 3176.814208984375, 21158.31640625, 3311.927734375]
[1097.3565673828125, 1690.2083740234375, 3161.755859375, 21125.8984375, 3312.406005859375]
[1097.694091796875, 1685.5211181640625, 3157.4892578125, 21065.2578125, 3312.302001953125]
[1092.480712890625, 1680.6522216796875, 3151.32568359375, 21035.76953125, 3312.42138671875]
[1084.970947265625, 1673.4447021484375, 3141.870361328125, 20984.091796875, 3312.5634765625]
[1074.0462646484375, 1662.86767578125, 3128.491455078125, 20995.76953125, 3312.84814453125]
[1072.8131103515625, 1661.80517578125, 3125.6669921875, 20913.712890625, 3312.8193359375]
[1070.6197509765625, 1659.6298828125, 3122.063720703125, 20878.466796875, 3312.875732421875]
[1065.256591796875, 1654.6871337890625, 3114.88330078125, 20848.65234375, 3313.033447265625]
HR iterations
[24294.16015625, 8258741.0, 2801760.25, 84184592.0, 2437.742431640625]
[24294.16015625, 8258740.0, 2801759.75, 84184576.0, 2437.742431640625]
[18671.451171875, 5759688.0, 1556571.25, 45846320.0, 2940.886474609375]
[17514.5703125, 5359392.5, 1365630.25, 19506938.0, 2813.281005859375]
[15758.111328125, 4693316.5, 1109922.875, 11658058.0, 2845.025634765625]
[11119.2333984375, 3014470.5, 646652.0, 4527415.0, 2968.347412109375]
[9665.4453125, 2539746.0, 497088.84375, 4605262.5, 3008.964111328125]
[9886.8544921875, 2615894.5, 532314.375, 2592470.5, 2987.218505859375]
[9564.7275390625, 2511122.75, 516838.0625, 2007790.0, 2981.0712890625]
[8798.1640625, 2259174.0, 462540.25, 1526228.0, 2978.27734375]
[7552.66357421875, 1841385.0, 365907.875, 1093342.875, 2986.37548828125]
[5685.1357421875, 1221292.25, 245454.796875, 1101069.75, 3020.42578125]
[4710.98828125, 894011.5, 174298.875, 1060594.375, 3032.222412109375]
[4477.39990234375, 812889.1875, 161919.109375, 836551.75, 3030.110107421875]
[3569.797607421875, 509704.375, 123966.71875, 693514.3125, 3041.61572265625]
[3253.99560546875, 413417.125, 110128.0390625, 620535.25, 3027.883056640625]
[2775.587646484375, 274290.34375, 98492.5703125, 607518.6875, 3035.7412109375]
[2527.912109375, 210020.875, 92119.1875, 538210.4375, 3037.5009765625]
[2283.731689453125, 153636.140625, 86417.4140625, 446124.84375, 3040.67138671875]
[2081.245849609375, 112620.3515625, 83977.984375, 493184.03125, 3038.533447265625]
[2062.9560546875, 108823.5390625, 83509.4609375, 353657.28125, 3045.796630859375]
[2107.36572265625, 116713.59375, 81774.4375, 320911.3125, 3042.635986328125]
[2059.27685546875, 107071.7421875, 80878.3046875, 292521.53125, 3044.013427734375]
[1996.0025634765625, 96781.7109375, 75883.1484375, 253728.0625, 3038.267578125]
[1884.8114013671875, 80843.71875, 71881.375, 233160.859375, 3037.674072265625]
[1833.822021484375, 74671.21875, 68657.234375, 214366.1875, 3036.796875]
[1806.2935791015625, 71470.3515625, 65408.796875, 197507.75, 3034.19775390625]
[1751.836669921875, 65553.6328125, 61054.30859375, 178729.4375, 3035.825927734375]
[1700.609130859375, 60451.1953125, 56194.375, 169109.046875, 3036.799072265625]
[1694.637451171875, 59202.5078125, 53929.15234375, 154898.5625, 3035.912109375]
[1674.155029296875, 57215.546875, 51805.97265625, 146488.4375, 3036.507568359375]
[1635.38623046875, 53645.078125, 48188.29296875, 138013.328125, 3036.062255859375]
[1573.058349609375, 47238.73828125, 41156.12109375, 133690.8125, 3037.21923828125]
[1530.7470703125, 43948.53125, 38187.4453125, 124665.78125, 3035.83447265625]
[1515.0576171875, 41984.34375, 36154.578125, 119480.8671875, 3034.190185546875]
[1474.9598388671875, 38970.96875, 33455.984375, 114754.3046875, 3034.82275390625]
[1438.3017578125, 34609.83203125, 29356.330078125, 110714.7734375, 3034.62451171875]
[1400.8828125, 32020.3359375, 27476.556640625, 104880.375, 3035.0244140625]
[1382.24462890625, 30995.39453125, 26603.919921875, 100874.46875, 3036.111328125]
[1365.688720703125, 29298.564453125, 25155.158203125, 95122.953125, 3036.078857421875]
[1313.8309326171875, 26228.705078125, 22763.599609375, 93157.8359375, 3039.79638671875]
[1322.797607421875, 25483.75, 22315.62109375, 86733.6796875, 3037.88671875]
[1313.788818359375, 24328.953125, 21626.34765625, 84145.5078125, 3037.6318359375]
[1309.6976318359375, 23502.341796875, 21102.24609375, 81747.5625, 3036.833984375]
[1282.0146484375, 21389.41015625, 20019.927734375, 78482.984375, 3038.09375]
[1267.74365234375, 20063.060546875, 19188.9453125, 74350.421875, 3037.447998046875]
[1252.191162109375, 18942.673828125, 18496.34765625, 71462.328125, 3037.94384765625]
[1235.7137451171875, 18022.640625, 17873.697265625, 69083.9140625, 3038.617919921875]
[1228.676025390625, 17572.783203125, 17375.96484375, 66637.28125, 3038.483154296875]
[1220.7276611328125, 16801.814453125, 16850.765625, 64223.13671875, 3038.821533203125]
[1208.0986328125, 15653.470703125, 16032.130859375, 61478.82421875, 3039.8330078125]
[1209.8272705078125, 14691.6865234375, 15244.2080078125, 59449.27734375, 3039.529296875]
[1204.759033203125, 14211.5166015625, 15016.7587890625, 57745.265625, 3040.30419921875]
[1205.1884765625, 13685.240234375, 14368.16015625, 55756.08203125, 3039.7294921875]
[1194.2840576171875, 12878.3798828125, 13975.322265625, 54635.87109375, 3041.2216796875]
[1188.292724609375, 12350.658203125, 13479.07421875, 52981.4140625, 3041.25537109375]
[1174.02490234375, 11029.0283203125, 12514.537109375, 52276.9765625, 3043.0322265625]
[1175.0030517578125, 10993.2099609375, 12165.12890625, 49570.10546875, 3041.53466796875]
[1174.2918701171875, 10767.376953125, 12003.357421875, 48761.40625, 3041.8779296875]
[1173.156494140625, 10138.21484375, 11550.5771484375, 47354.46875, 3042.5849609375]
[1169.8348388671875, 9384.42578125, 10990.3134765625, 46202.515625, 3044.06298828125]
[1167.7120361328125, 8916.921875, 10644.5517578125, 44904.0078125, 3044.080810546875]
[1163.8505859375, 8563.1162109375, 10352.55078125, 43985.55078125, 3043.482177734375]
[1158.1456298828125, 8118.01171875, 10162.189453125, 43505.4296875, 3043.938720703125]
[1153.574951171875, 7911.150390625, 9996.0927734375, 42389.52734375, 3043.372314453125]
[1144.775146484375, 7305.1845703125, 9661.478515625, 40958.34375, 3044.4267578125]
[1144.5147705078125, 7200.1748046875, 9405.9609375, 39938.4609375, 3043.480224609375]
[1145.039794921875, 7051.7685546875, 9305.4521484375, 39427.16015625, 3044.16650390625]
[1148.9271240234375, 6826.01806640625, 9025.3681640625, 38348.67578125, 3044.924072265625]
[1147.3375244140625, 6554.54638671875, 8765.1640625, 37354.41796875, 3045.7255859375]
[1144.814208984375, 6311.2802734375, 8355.970703125, 36237.1015625, 3045.195068359375]
[1140.0814208984375, 6142.74072265625, 8164.8798828125, 35534.21875, 3045.0703125]
[1132.20751953125, 5943.927734375, 8038.72119140625, 34869.5, 3045.140869140625]
[1123.9801025390625, 5749.4677734375, 7788.8232421875, 33745.8203125, 3044.825927734375]
[1116.983642578125, 5498.06103515625, 7504.18701171875, 33004.03515625, 3046.4453125]
[1117.557373046875, 5478.8017578125, 7361.9736328125, 32199.306640625, 3045.905029296875]
[1119.1141357421875, 5384.3505859375, 7259.25146484375, 31692.98828125, 3046.712646484375]
[1121.9998779296875, 5386.1455078125, 7131.345703125, 31171.46484375, 3046.71533203125]
[1121.2589111328125, 5319.44189453125, 6989.740234375, 30674.15234375, 3047.050537109375]
[1114.3138427734375, 5127.189453125, 6734.791015625, 29988.5859375, 3047.85009765625]
[1106.1475830078125, 4967.95458984375, 6501.49365234375, 29557.185546875, 3048.17138671875]
[1102.27880859375, 4920.748046875, 6433.8828125, 29074.53515625, 3048.0078125]
[1094.71435546875, 4830.3173828125, 6317.2119140625, 28592.837890625, 3048.484619140625]
[1091.662109375, 4767.65625, 6201.1220703125, 28128.103515625, 3048.032470703125]
[1083.644775390625, 4620.36376953125, 5987.11474609375, 27574.828125, 3048.969482421875]
[1082.081298828125, 4531.60009765625, 5865.49853515625, 27057.171875, 3048.968017578125]
[1079.8876953125, 4414.68408203125, 5699.33203125, 26468.310546875, 3049.238037109375]
[1074.7310791015625, 4301.65625, 5551.89697265625, 26010.40234375, 3049.993896484375]
[1073.66015625, 4256.7724609375, 5466.97412109375, 25562.791015625, 3049.559326171875]
[1067.32080078125, 4172.77294921875, 5366.74755859375, 25217.37890625, 3050.117431640625]
[1062.126220703125, 4122.36328125, 5298.51513671875, 24833.8125, 3050.13330078125]
[1055.3541259765625, 4043.798828125, 5199.0908203125, 24441.865234375, 3050.347412109375]
[1047.7593994140625, 3919.243896484375, 5065.755859375, 24003.978515625, 3050.606201171875]
[1042.3466796875, 3804.62109375, 4947.45263671875, 23551.080078125, 3050.634033203125]
[1037.904052734375, 3689.545166015625, 4855.673828125, 23198.123046875, 3051.14306640625]
[1039.5809326171875, 3642.585693359375, 4805.888671875, 22843.998046875, 3050.607177734375]
[1034.0599365234375, 3566.406982421875, 4729.97607421875, 22534.271484375, 3051.70751953125]
[1033.4200439453125, 3549.498046875, 4698.25634765625, 22140.7890625, 3051.76025390625]
[1028.5460205078125, 3481.67431640625, 4602.3681640625, 21584.984375, 3052.129150390625]
[1022.5037231445312, 3379.94873046875, 4482.68310546875, 21307.087890625, 3052.1455078125]
[1020.8587646484375, 3342.239501953125, 4447.908203125, 21024.21875, 3052.074462890625]
[1016.2522583007812, 3273.107421875, 4397.3056640625, 20822.70703125, 3052.290771484375]
[1013.3408203125, 3220.654541015625, 4350.46142578125, 20549.427734375, 3052.2568359375]
[1003.5087890625, 3079.732666015625, 4259.41650390625, 20238.505859375, 3053.1640625]
[1004.5377197265625, 3057.22998046875, 4201.8583984375, 19916.0390625, 3052.54833984375]
[1003.067138671875, 3033.89990234375, 4170.31103515625, 19744.880859375, 3052.89990234375]
[1001.8563232421875, 2999.28125, 4116.50927734375, 19459.470703125, 3053.1484375]
[1000.309326171875, 2973.507568359375, 4073.356201171875, 19239.41015625, 3053.371826171875]
[998.4703979492188, 2927.84228515625, 3995.532958984375, 18920.046875, 3053.225341796875]
[993.0079345703125, 2858.117431640625, 3903.43017578125, 18660.140625, 3053.677490234375]
[991.4761962890625, 2828.359130859375, 3838.32861328125, 18335.337890625, 3053.278564453125]
[987.7859497070312, 2778.6005859375, 3773.341064453125, 18098.55078125, 3053.3505859375]
[985.8690795898438, 2745.024658203125, 3709.66064453125, 17851.55859375, 3053.103759765625]
[983.0990600585938, 2701.67578125, 3650.946044921875, 17636.208984375, 3053.283935546875]
[981.0502319335938, 2652.07568359375, 3586.853515625, 17395.59375, 3053.40283203125]
[979.7733154296875, 2604.943115234375, 3520.79296875, 17157.515625, 3053.431640625]
[977.846435546875, 2569.772216796875, 3488.71923828125, 16951.833984375, 3053.73193359375]
[978.7337036132812, 2560.6923828125, 3469.064697265625, 16776.900390625, 3053.2353515625]
[977.0167236328125, 2534.66943359375, 3443.275634765625, 16642.2109375, 3053.5439453125]
[975.535400390625, 2513.28369140625, 3406.338623046875, 16480.361328125, 3053.59375]
[973.3827514648438, 2472.6123046875, 3321.970947265625, 16231.2470703125, 3053.770751953125]
[970.3799438476562, 2441.481689453125, 3246.8359375, 16041.896484375, 3053.736328125]
[969.674072265625, 2427.4609375, 3207.684326171875, 15902.095703125, 3053.6728515625]
[967.463134765625, 2400.41064453125, 3147.9541015625, 15692.3740234375, 3053.848388671875]
[965.575927734375, 2371.389892578125, 3081.70263671875, 15473.5166015625, 3053.8251953125]
[962.9662475585938, 2348.324462890625, 3037.730224609375, 15270.5205078125, 3054.1044921875]
[961.634521484375, 2328.435302734375, 3008.3046875, 15106.3798828125, 3054.35693359375]
[960.7112426757812, 2303.6328125, 2975.19775390625, 14907.890625, 3054.331787109375]
[958.9441528320312, 2262.758544921875, 2928.212890625, 14804.533203125, 3054.900146484375]
[960.4325561523438, 2254.851318359375, 2912.63525390625, 14658.5791015625, 3054.426025390625]
[959.3897705078125, 2242.810302734375, 2894.618408203125, 14514.8984375, 3054.509521484375]
[957.8101196289062, 2220.521240234375, 2858.3984375, 14391.1044921875, 3054.617919921875]
[955.5521240234375, 2191.039794921875, 2810.853271484375, 14226.0693359375, 3054.815185546875]
[953.1163940429688, 2153.07373046875, 2751.814453125, 14082.3056640625, 3054.749755859375]
[952.40576171875, 2142.793212890625, 2733.7373046875, 13968.3193359375, 3054.767822265625]
[951.6181030273438, 2131.220458984375, 2718.08203125, 13888.93359375, 3054.806396484375]
[950.3985595703125, 2115.293701171875, 2694.423095703125, 13757.994140625, 3054.79833984375]
[946.8705444335938, 2079.34765625, 2647.243408203125, 13578.9208984375, 3055.017822265625]
[945.3719482421875, 2061.11376953125, 2623.466796875, 13446.4453125, 3054.92236328125]
[943.633544921875, 2044.9566650390625, 2604.941162109375, 13356.271484375, 3055.0927734375]
[942.3423461914062, 2029.64013671875, 2584.506103515625, 13234.2978515625, 3054.7841796875]
[939.4522094726562, 2003.5670166015625, 2558.310546875, 13119.6591796875, 3055.2646484375]
[938.9132080078125, 1993.3004150390625, 2544.107421875, 12990.1630859375, 3055.27392578125]
[937.1702880859375, 1972.145751953125, 2516.24853515625, 12847.7451171875, 3055.22314453125]
[935.3452758789062, 1950.3450927734375, 2485.18701171875, 12718.6474609375, 3055.361572265625]
[932.7440795898438, 1928.5718994140625, 2457.324462890625, 12589.921875, 3055.383544921875]
[930.1337280273438, 1908.9925537109375, 2431.1123046875, 12452.3798828125, 3055.37255859375]
[927.1414184570312, 1887.6412353515625, 2405.993408203125, 12350.3662109375, 3055.500732421875]
[925.416748046875, 1876.163330078125, 2388.9189453125, 12230.80078125, 3055.487060546875]
[923.9862060546875, 1863.73046875, 2371.700439453125, 12111.4814453125, 3055.51025390625]
[921.677734375, 1843.3909912109375, 2344.957275390625, 12016.0068359375, 3055.67236328125]
[921.0460205078125, 1831.5634765625, 2328.725830078125, 11913.7958984375, 3055.61669921875]
[918.8153076171875, 1812.6876220703125, 2307.263427734375, 11827.8125, 3055.797607421875]
[919.2352905273438, 1810.2974853515625, 2279.881103515625, 11801.501953125, 3055.3125]
[916.1013793945312, 1789.479736328125, 2268.9580078125, 11673.65234375, 3055.791259765625]
[914.6825561523438, 1781.7366943359375, 2262.68359375, 11596.048828125, 3055.964111328125]
[913.0921020507812, 1772.2164306640625, 2247.70068359375, 11490.2666015625, 3056.07275390625]
[910.3599243164062, 1754.3570556640625, 2219.346923828125, 11359.8154296875, 3056.210205078125]
[905.9720458984375, 1726.1663818359375, 2173.732421875, 11278.6220703125, 3056.346923828125]
[905.5862426757812, 1719.0428466796875, 2158.8876953125, 11157.962890625, 3056.14208984375]
[903.323486328125, 1705.6207275390625, 2140.753662109375, 11108.546875, 3056.21826171875]
[902.4220581054688, 1700.058837890625, 2125.99267578125, 11031.6220703125, 3056.031982421875]
[898.4371948242188, 1681.0299072265625, 2098.802001953125, 10932.9638671875, 3056.200439453125]
[895.18212890625, 1663.40966796875, 2068.998291015625, 10785.533203125, 3056.267333984375]
[889.9876098632812, 1640.028564453125, 2031.70556640625, 10739.736328125, 3056.52001953125]
[890.5669555664062, 1636.2623291015625, 2023.2882080078125, 10580.6826171875, 3056.454833984375]
[890.5763549804688, 1631.151123046875, 2016.7646484375, 10509.669921875, 3056.466064453125]
[889.8663330078125, 1622.0400390625, 2003.8179931640625, 10426.095703125, 3056.484375]
[885.0424194335938, 1596.181396484375, 1972.8135986328125, 10343.34765625, 3056.63671875]
[884.2589721679688, 1586.496826171875, 1954.67333984375, 10245.158203125, 3056.407470703125]
[880.5487670898438, 1574.5750732421875, 1940.3363037109375, 10184.4892578125, 3056.708251953125]
[878.8580932617188, 1568.4984130859375, 1930.727294921875, 10117.76171875, 3056.674072265625]
[876.801513671875, 1558.7327880859375, 1917.033203125, 10055.7841796875, 3056.70556640625]
[873.5841064453125, 1540.0533447265625, 1889.9888916015625, 9963.8212890625, 3056.734375]
[870.5960083007812, 1522.0732421875, 1867.7647705078125, 9912.8642578125, 3056.81591796875]
[870.1172485351562, 1514.81884765625, 1856.4962158203125, 9848.24609375, 3056.84033203125]
[868.3834228515625, 1504.3763427734375, 1842.133544921875, 9784.8466796875, 3056.9228515625]
[867.391357421875, 1495.6607666015625, 1828.6328125, 9702.8427734375, 3056.94970703125]
[861.6898803710938, 1469.7713623046875, 1797.2384033203125, 9686.169921875, 3057.13671875]
[863.4888305664062, 1472.0048828125, 1795.36962890625, 9548.47265625, 3056.9677734375]
[861.7313842773438, 1464.14990234375, 1787.8438720703125, 9505.4287109375, 3057.21630859375]
[861.5095825195312, 1459.7373046875, 1780.721923828125, 9449.4912109375, 3057.1357421875]
[859.0904541015625, 1447.4322509765625, 1764.273193359375, 9388.365234375, 3057.236083984375]
[855.7691650390625, 1428.3687744140625, 1737.597900390625, 9303.3603515625, 3057.41845703125]
[853.4813232421875, 1418.5584716796875, 1721.9798583984375, 9240.1279296875, 3057.42333984375]
[852.0463256835938, 1412.0660400390625, 1710.8643798828125, 9191.0244140625, 3057.357421875]
[849.1111450195312, 1400.1180419921875, 1693.8406982421875, 9125.142578125, 3057.437744140625]
[845.3492431640625, 1383.518798828125, 1668.7525634765625, 9046.443359375, 3057.35009765625]
[843.2105712890625, 1373.974365234375, 1655.5430908203125, 8973.8271484375, 3057.405517578125]
[840.8343505859375, 1364.368896484375, 1643.6131591796875, 8922.6572265625, 3057.58251953125]
[841.2318115234375, 1361.2701416015625, 1634.998046875, 8868.4501953125, 3057.41650390625]
[836.8251953125, 1347.541015625, 1619.31591796875, 8812.8828125, 3057.724365234375]
[835.96728515625, 1345.0050048828125, 1614.0792236328125, 8745.693359375, 3057.695556640625]
[833.919189453125, 1337.576904296875, 1600.25244140625, 8661.2490234375, 3057.65771484375]
[831.3839111328125, 1327.62646484375, 1585.29638671875, 8613.9501953125, 3057.70751953125]
[829.8001098632812, 1320.1658935546875, 1575.1505126953125, 8568.0400390625, 3057.740478515625]
[827.003173828125, 1306.4154052734375, 1557.75, 8495.6611328125, 3057.76806640625]
[824.806884765625, 1295.6654052734375, 1544.9769287109375, 8440.255859375, 3057.8447265625]
[822.1595458984375, 1282.5697021484375, 1529.765380859375, 8374.4736328125, 3057.830810546875]
[819.3997802734375, 1272.3021240234375, 1518.4788818359375, 8325.0009765625, 3057.96826171875]
[819.7164306640625, 1267.8455810546875, 1511.4378662109375, 8274.8486328125, 3057.7802734375]
[815.0853881835938, 1256.9417724609375, 1499.023681640625, 8242.2939453125, 3058.072265625]
[815.9549560546875, 1257.896484375, 1498.73095703125, 8183.6396484375, 3057.9814453125]
[815.4782104492188, 1252.47998046875, 1491.1129150390625, 8114.90625, 3057.886962890625]
[813.1511840820312, 1241.892822265625, 1478.1422119140625, 8082.2451171875, 3057.86572265625]
[811.5341796875, 1233.6636962890625, 1469.3570556640625, 8040.13623046875, 3057.857666015625]
[808.6405639648438, 1220.7874755859375, 1455.97412109375, 7991.3671875, 3057.803955078125]
[807.24169921875, 1214.164794921875, 1448.595947265625, 7952.70947265625, 3057.83642578125]
[805.1290283203125, 1205.1534423828125, 1437.837646484375, 7897.39990234375, 3057.786865234375]
[801.996337890625, 1193.32861328125, 1423.5654296875, 7834.61865234375, 3057.8544921875]
[800.3990478515625, 1183.9136962890625, 1410.4130859375, 7768.05322265625, 3057.735595703125]
[798.1439819335938, 1177.812744140625, 1403.272705078125, 7739.49658203125, 3057.837646484375]
[798.2925415039062, 1174.7489013671875, 1399.2454833984375, 7699.41162109375, 3057.754638671875]
[795.7306518554688, 1166.836181640625, 1390.9693603515625, 7653.1640625, 3057.8525390625]
[793.3323364257812, 1157.0809326171875, 1379.6937255859375, 7590.41015625, 3057.8681640625]
[790.236083984375, 1144.4197998046875, 1364.3028564453125, 7540.72216796875, 3057.81689453125]
[787.9179077148438, 1136.302734375, 1353.286376953125, 7495.166015625, 3057.93603515625]
[786.5621337890625, 1130.94140625, 1345.5643310546875, 7452.4658203125, 3057.958984375]
[782.5888671875, 1119.8304443359375, 1330.148193359375, 7397.25244140625, 3058.078369140625]
[780.4395141601562, 1110.45361328125, 1318.3916015625, 7370.02392578125, 3057.975830078125]
